7.983645958054446e-16 -1.2049987461874474 7.065568333519843e-17 -0.034852895262783797 3.04446582617649e-16 -0.0021761835613978106 1.805859259743486e-15 -0.00027225048654534815 2.6128457701077377e-14 0.00008094170626194007 6.802688813074037e-12 -0.000010703115707505764 3.139309421776559e-9 -8.027314753938543e-7 -2.9621572014677034e-8 2.988075151416107e-8 -1.1645362733529577e-9 1.1661396355820642e-9 -3.5523829154097445e-11 4.1027632104101187e-11 -1.0429601459838183e-12 1.5817724664277325e-11 -5.603712574702591e-13 2.650049529041618e-11 -1.0707666803810536e-12
-1.2049987461874474 1.2378382003989174e-15 -1.6622557326465415 1.5694711230425612e-15 -0.07473779562629079 6.639994242550518e-15 -0.006386448165449701 2.6083471758936938e-14 0.0008643304300346532 -3.726267268714674e-13 0.00009990852331753115 6.38185203025191e-11 7.4776091132880155e-6 2.9244546859929572e-8 -2.7833835237572195e-7 -2.7593088918542356e-7 -1.0847754666100804e-8 -1.0858540914330771e-8 -3.307971667868487e-10 -3.669406306038597e-10 -9.248111378258185e-12 -1.0415650368706566e-10 -3.717534554636535e-12 -1.6719935836300176e-10 -6.9119687924668696e-12
5.677789552738398e-17 -1.662255732646542 -1.3023633056336924e-14 -1.977738366477428 -4.467554803563913e-15 -0.1282439085174078 2.943940538181234e-14 -0.016046726936571193 1.6929723065421241e-12 0.0047708098595922906 4.0149928381218894e-10 -0.0006308557973485876 1.8503701468374113e-7 -0.00004731405318407447 -1.7459346398009707e-6 1.7611998848050489e-6 -6.863905508991376e-8 6.868929511894371e-8 -2.0926307293923876e-9 2.256797170411908e-9 -5.649257570209495e-11 4.778130247775891e-10 -1.7095662087654062e-11 7.285091774603095e-10 -3.0784225600261524e-11
-0.034852895262783776 1.6119176380953687e-15 -1.977738366477428 -1.2052376549188565e-13 -2.205153758505678 -5.322199082013333e-14 -0.19907433988564618 4.733036064577684e-13 0.026955476352580967 -1.0950634837327232e-11 0.0031158281494303992 1.988223774096452e-9 0.0002332027900482578 9.120369778757197e-7 -8.68048579478067e-6 -8.605365896919063e-6 -3.383060034388305e-7 -3.3849133460022844e-7 -1.0312405342576088e-8 -1.09047480217987e-8 -2.715387896273165e-10 -1.7566608332428716e-9 -6.265348323588656e-11 -2.5192131658597475e-9 -1.0869285793725037e-10
3.6339922871440254e-16 -0.07473779562629083 -4.356532716168357e-15 -2.205153758505678 -8.636483828276692e-13 -2.357723797750453 -8.850696474841546e-13 -0.3184704439222355 3.624726422067085e-11 0.09487622290251395 7.992373370873476e-9 -0.012547350365362999 3.6803051078672602e-6 -0.0009410501403056387 -0.000034725667629522986 0.00003502917052815047 -1.3651899767555709e-6 1.3657619997552807e-6 -4.160956523894806e-8 4.339750963578785e-8 -1.0763456056079046e-9 5.456086201726336e-9 -1.928717614020936e-10 7.2871425085722035e-9 -3.205948359325727e-10
-0.0021761835613978097 6.5983607732478556e-15 -0.1282439085174079 -5.2944435911113383e-14 -2.357723797750453 -4.391032841561779e-12 -2.402438859638935 8.715100439533649e-13 0.35891851654631596 -1.37735066182596e-10 0.041564213884621025 2.6503434897197943e-8 0.0031109158052243483 0.000012166480237788789 -0.00011579733995989933 -0.00011479496927782345 -4.512982650662489e-6 -4.514457352248937e-6 -1.3753964329672456e-7 -1.420774524441837e-7 -3.513415912102376e-9 -1.4384489135278976e-8 -5.013964575865325e-10 -1.7749110084659578e-8 -7.94847863268577e-10
1.7294771637555289e-15 -0.006386448165449756 2.9495783894781583e-14 -0.1990743398856462 -8.848441333264049e-13 -2.402438859638935 -2.2843488419375704e-11 -2.5103658686923915 3.7914456364872206e-10 0.9188115748641505 7.860468026565322e-8 -0.12332371871455303 0.000036179224523356335 -0.00925095552837951 -0.000341369570942049 0.00034435253050692677 -0.000013420442877528659 0.0000134239292271285 -4.089825947592408e-7 4.1954198019292763e-7 -1.0351536543168751e-8 3.5114047741017157e-8 -1.2013143248017738e-9 3.9683188907421545e-8 -1.8064827458779237e-9
-0.0002722504865453619 2.6083038081350817e-14 -0.016046726936571276 4.732862592225967e-13 -0.3184704439222354 8.713920827569984e-13 -2.5103658686923915 -1.1422650889692657e-11 1.5877822845215896 -5.775914298570502e-10 0.1963245578910415 1.251224116483015e-7 0.014704674655122627 0.00005750835853232791 -0.0005473526039041218 -0.000542613928995357 -0.000021332019920493066 -0.000021336783055040247 -6.500636104008605e-7 -6.644350145692376e-7 -1.6374139459402778e-8 -4.9618247102041355e-8 -1.6726712351452616e-9 -5.262350829363273e-8 -2.4203328496989837e-9
2.6102653689372323e-14 0.0008643304300346524 1.6929167970849588e-12 0.026955476352580988 3.62471536318375e-11 0.35891851654631607 3.7914456543850267e-10 1.5877822845215896 -3.142036451065802e-9 -3.84467572375015 -5.986647432128429e-7 0.9380898163174136 -0.0002780318966067827 0.07109199526521023 0.0026234910184893393 -0.0026464125852599632 0.0001031386388191371 -0.00010315577551870791 3.142845340525858e-6 -3.1940785534163913e-6 7.856066900218443e-8 -1.9396212440314067e-7 6.310920928643009e-9 -1.7813187784808957e-7 8.357100325580228e-9
0.0000809417062619122 -3.725673125923118e-13 0.004770809859592209 -1.0950662592902021e-11 0.09487622290251396 -1.3773519108268627e-10 0.9188115748641504 -5.775917090933197e-10 -3.8446757237501505 2.880060710538235e-9 -0.9468907142258222 -6.035762114381604e-7 -0.07172828531143649 -0.0002805208907938546 0.0026700848339653175 0.0026469667076334737 0.00010406141521839435 0.00010407834509100657 3.1709552830865493e-6 3.2217740747762235e-6 7.92343895727885e-8 1.935359278283977e-7 6.283090030022495e-9 1.7618026576605235e-7 8.274554803500104e-9
6.802695955262466e-12 0.00009990852331750594 4.0149939483448974e-10 0.003115828149430232 7.992373481841569e-9 0.04156421388462111 7.860468040443788e-8 0.19632455789104156 -5.986647428095194e-7 -0.946890714225822 -6.645776916434096e-6 5.211042574398121 -0.003040182221491613 0.7772371209181552 0.028812794752300416 -0.029064466155592293 0.001132743621134682 -0.0011328471184587267 0.00003451479517543993 -0.000034839094732861336 8.548327015600014e-7 -1.5551923815230735e-6 4.6632447662482584e-8 -1.0312493313146794e-6 5.003475325784266e-8
-0.000010703115707527231 6.381850902676356e-11 -0.0006308557973485492 1.9882237671571345e-9 -0.012547350365363013 2.6503434845154544e-8 -0.12332371871455308 1.2512241173156823e-7 0.9380898163174137 -6.035762116046939e-7 5.211042574398121 6.6407151395825916e-6 0.7772760029323426 0.003040320539517921 -0.029065865521892584 -0.028814215153860588 -0.001132797725321612 -0.0011329033421530995 -0.00003451643159457404 -0.0000348407485067183 -8.54870340338022e-7 -1.5550678717733408e-6 -4.662657542713758e-8 -1.0309839302054952e-6 -5.002251213690931e-8
3.1393094197978903e-9 7.4776091132949535e-6 1.850370146525161e-7 0.00023320279004829082 3.680305107797651e-6 0.0031109158052244662 0.000036179224523459985 0.014704674655122683 -0.00027803189660655894 -0.07172828531143674 -0.003040182221491384 0.7772760029323424 -0.049554114335185785 6.335314587056284 0.46830554411192543 -0.4687155444722035 0.018453354983540417 -0.01831018799138866 0.0005622497780326591 -0.0005604128865793498 0.000013835318041626796 -0.00001912852856146021 5.148297363385169e-7 -7.532546865235152e-6 3.8145285724649607e-7
-8.027314753988433e-7 2.9244546864056313e-8 -0.000047314053184105694 9.120369778705156e-7 -0.0009410501403055834 0.000012166480237844734 -0.009250955528379788 0.000057508358532231606 0.07109199526521037 -0.0002805208907938564 0.7772371209181554 0.003040320539517477 6.335314587056284 0.04955398265604085 -0.46871587619061905 -0.46830536855858884 -0.018309588697489207 -0.01845396520599396 -0.0005578692231792084 -0.0005648136011843273 -0.000013727525296096025 -0.000019278729050858055 -5.108182752958909e-7 -7.5916842605908315e-6 -3.7848029042100373e-7
-2.9621572015135914e-8 -2.783383523757287e-7 -1.7459346397996866e-6 -8.680485794777201e-6 -0.000034725667629524856 -0.00011579733995989944 -0.0003413695709419662 -0.0005473526039040947 0.002623491018489395 0.0026700848339653227 0.0288127947523002 -0.029065865521892418 0.4683055441119252 -0.46871587619061905 -7.395381772826882 0.06432199658158147 -0.5781810779232059 0.0025143943951907283 -0.017639435176754224 0.00007682466021084104 -0.0004323580562099455 2.1809323800982345e-6 -0.000011900336784212539 4.1236688081444737e-7 -4.86483533420587e-6
2.988075151410686e-8 -2.759308891923633e-7 1.761199884797246e-6 -8.605365896922546e-6 0.0000350291705281505 -0.00011479496927785126 0.0003443525305069823 -0.000542613928995357 -0.002646412585260019 0.002646966707633474 -0.029064466155591964 -0.028814215153860564 -0.4687155444722032 -0.4683053685585886 0.06432199658158147 7.395377846031095 0.0025144387609130413 0.5781709194631145 0.00007670885778957446 0.017666065604626614 1.880201504794751e-6 0.0005015120348421734 5.1751153690888634e-8 0.00009482497678393181 2.1155766356443166e-8
-1.1645362732969344e-9 -1.084775466566713e-8 -6.863905509078112e-8 -3.3830600344079565e-7 -1.3651899767432127e-6 -4.512982650641686e-6 -0.000013420442877556416 -0.00002133201992048515 0.00010313863881906816 0.00010406141521842254 0.001132743621134564 -0.0011327977253216678 0.018453354983540542 -0.01830958869748911 -0.5781810779232059 0.002514438760913043 -8.429248402485026 2.7596050817803714e-6 -0.513199241747519 8.396643376589515e-8 -0.0125619429526722 2.150551285879954e-9 -0.00028724021541754667 1.694070546788756e-10 -0.00005138447520237185
1.1661396356362611e-9 -1.0858540914490013e-8 6.868929512134272e-8 -3.3849133460372414e-7 1.3657619997596717e-6 -4.514457352241998e-6 0.000013423929227156249 -0.000021336783055040247 -0.00010315577551872266 0.00010407834509100657 -0.001132847118458699 -0.001132903342153075 -0.01831018799138844 -0.01845396520599409 0.0025143943951907283 0.5781709194631144 2.7596050817803714e-6 8.429135795749692 8.400964891870516e-8 0.5129364118667058 2.0563086232700786e-9 0.01313768033438606 4.701924148671243e-11 0.0010348870473096683 8.411136683489147e-12
-3.552382916738522e-11 -3.3079716681395375e-10 -2.0926307291772413e-9 -1.0312405342792928e-8 -4.160956523981542e-8 -1.3753964329585043e-7 -4.0898259476086877e-7 -6.500636104008673e-7 3.1428453405484093e-6 3.170955283070056e-6 0.000034514795175440144 -0.0000345164315945671 0.000562249778032699 -0.0005578692231792136 -0.01763943517675399 0.00007670885778957446 -0.5131992417475185 8.4009648918705e-8 -9.449637127767097 8.314971586112595e-11 -0.46136465035621915 2.008276530157792e-12 -0.0096161276994588 6.797430974373911e-14 -0.0006581998159172749
4.102763211680668e-11 -3.6694063073916993e-10 2.256797170412742e-9 -1.090474802201554e-8 4.339750963589627e-8 -1.4207745244505084e-7 4.1954198019596297e-7 -6.644350145683694e-7 -3.194078553416393e-6 3.2217740747831607e-6 -0.0000348390947328609 -0.00003484074850671829 -0.0005604128865794087 -0.0005648136011843827 0.00007682466021084104 0.017666065604626392 8.396643376589505e-8 0.5129364118667054 8.314971586112594e-11 9.44715386424083 2.0302120014417484e-12 0.456395124025478 4.2312963611188094e-14 0.015441179339705013 2.8945552605574903e-15
-1.0429601459011019e-12 -9.248111363064532e-12 -5.649257570251847e-11 -2.7153878960020977e-10 -1.076345605281797e-9 -3.5134159123192166e-9 -1.0351536542951913e-8 -1.6374139458752045e-8 7.856066900132131e-8 7.923438957452282e-8 8.54832701556532e-7 -8.548703403389367e-7 0.000013835318041647721 -0.000013727525296097001 -0.00043235805620993334 1.8802015047949747e-6 -0.012561942952672546 2.056308623270067e-9 -0.4613646503562187 2.03021200144175e-12 -10.46138408007267 2.3209107645575365e-15 -0.41599171490508563 4.097693653333644e-17 -0.01172765080933815
1.5817724661736226e-11 -1.0415650369087731e-10 4.778130248046941e-10 -1.7566608332428716e-9 5.456086201821204e-9 -1.438448913503503e-8 3.511404774139832e-8 -4.9618247100736924e-8 -1.9396212440400803e-7 1.9353592782752357e-7 -1.555192381512611e-6 -1.555067871769004e-6 -0.000019128528561435706 -0.00001927872905085784 2.1809323800979093e-6 0.0005015120348422584 2.150551285879924e-9 0.013137680334386281 2.008276530157795e-12 0.456395124025478 2.3209107645575365e-15 10.432394033069066 4.615645806458398e-17 0.36628859684612136 1.2908662606877128e-18
-5.60371257562955e-13 -3.717534555326404e-12 -1.709566208774836e-11 -6.265348323840202e-11 -1.9287176144277746e-10 -5.013964576267658e-10 -1.2013143248695356e-9 -1.672671235199485e-9 6.310920929185005e-9 6.283090030215514e-9 4.6632447662699014e-8 -4.662657542730062e-8 5.148297363359691e-7 -5.108182752950778e-7 -0.000011900336784226312 5.175115369077344e-8 -0.0002872402154175458 4.701924148671574e-11 -0.009616127699459355 4.2312963611188876e-14 -0.415991714905086 4.615645806458408e-17 -11.449009213244114 -2.0819426216879564e-22 -0.34174261680800255
2.650049529041618e-11 -1.671993583638488e-10 7.285091774603095e-10 -2.519213165868218e-9 7.287142508567121e-9 -1.7749110084662966e-8 3.968318890748253e-8 -5.262350829370727e-8 -1.7813187784833351e-7 1.7618026576586262e-7 -1.0312493313164141e-6 -1.0309839302063625e-6 -7.532546865236887e-6 -7.591684260592566e-6 4.123668808145829e-7 0.00009482497678391794 1.6940705467888885e-10 0.0010348870473096405 6.797430974373992e-14 0.015441179339705347 4.097693653333634e-17 0.3662885968461209 -2.081942621687956e-22 11.357377276332151 -8.980098961799322e-24
-1.070766680384271e-12 -6.911968792433783e-12 -3.078422560042034e-11 -1.0869285793770036e-10 -3.20594835928754e-10 -7.948478632718592e-10 -1.8064827458762296e-9 -2.4203328497057666e-9 8.35710032556668e-9 8.274554803513552e-9 5.003475325795107e-8 -5.002251213690931e-8 3.814528572471739e-7 -3.784802904207871e-7 -4.864835334207608e-6 2.115576635645357e-8 -0.000051384475202392676 8.411136683485838e-12 -0.0006581998159172887 2.8945552605572883e-15 -0.01172765080933815 1.2908662606877251e-18 -0.3417426168080016 -8.980098961799322e-24 -12.376778081984604