5.834373603620009e-16 1.1495101237394336 -8.448288067972657e-16 -0.03690080395365357 1.909443754406856e-16 0.0026225402284612074 -3.664835520061093e-16 0.0004484354852585156 -9.68730698531353e-15 0.00011333401592694859 3.822022907854817e-12 -0.000011123869874672031 -3.100999392120945e-9 6.807034931522068e-7 -2.0819675816868753e-8 2.0893715078652244e-8 -6.782282606564564e-10 6.784231080833049e-10 -1.721208971190036e-11 1.8009152130260525e-11 -3.7179459412142863e-13 2.9413944948069912e-12 -8.453199282143754e-14 5.3742012955973265e-12 -1.8223131588244722e-13
1.1495101237394336 1.2930285871287683e-15 1.5810739423926135 -6.000778381469102e-16 -0.07984531605380361 6.269516034358925e-17 -0.007796815537842588 2.8369169213405178e-15 0.001042686306473886 9.408928438472523e-14 -0.0000985233133498317 -3.387293311719513e-11 6.026885369927914e-6 2.7456061661563348e-8 1.849904032870728e-7 1.8433553874627728e-7 6.004961252359812e-9 6.0062459677851e-9 1.5238424869336974e-10 1.5752338588658311e-10 3.242456758818225e-12 1.946955866857323e-11 5.572635699524172e-13 3.337887488065665e-11 1.1553021393016082e-12
-8.439614450592773e-16 1.5810739423926135 -9.637622664236526e-16 -1.8734154962747929 -7.832510469515867e-16 0.13889798839523365 1.7468804349890597e-15 0.02375698177058575 -5.21743708575931e-13 0.00600422691635954 2.0251684543453359e-10 -0.0005893223581745606 -1.6428544099792996e-7 0.00003606243079746294 -1.1029884934763e-6 1.106910007625086e-6 -3.5931279623177597e-8 3.5937111657238545e-8 -9.117646194778871e-10 9.34566925719405e-10 -1.9194097588480108e-11 8.968205903400826e-11 -2.540947754506729e-12 1.425498813045705e-10 -5.031022365457872e-12
-0.03690080395365354 -7.392622920393329e-16 -1.8734154962747929 -6.295856907656261e-15 2.07508914459441 -1.038753158933894e-15 0.21563588635185454 -3.6995496042146626e-14 -0.028857938766116916 -2.567672759562923e-12 0.002726813296732064 9.37371786643839e-10 -0.0001668051126661768 -7.598963881346204e-7 -5.119948890421631e-6 -5.101821111807431e-6 -1.661982621416712e-7 -1.6621907345244658e-7 -4.2171809221172325e-9 -4.296961091392552e-9 -8.810233641643648e-11 -3.295424586513307e-10 -9.18855483711931e-12 -4.799934787129416e-10 -1.7252631111963376e-11
2.186931747798118e-16 -0.07984531605380356 -9.532539475973138e-16 2.07508914459441 -4.7208371119621105e-14 -2.195167682238461 -9.94280288481999e-14 -0.4110830051720549 9.207493243462795e-12 -0.10436094411171173 -3.5209473701452616e-9 0.010244811317158892 2.855951709405268e-6 -0.0006269119618813872 0.000019174433578209048 -0.000019242596546634762 6.246318552787457e-7 -6.246935094214954e-7 1.5849281502794415e-8 -1.608108950572015e-8 3.2930215751072986e-10 -1.0164380145542375e-9 2.7754732950082655e-11 -1.343209249904185e-9 4.9098628536853246e-11
0.002622540228461211 1.938128375878071e-17 0.13889798839523368 -9.20778410040315e-16 -2.195167682238461 -1.5263442754663087e-13 -2.1176338389624827 2.0974671287463498e-13 0.31397496843278805 2.7563808771572308e-11 -0.029717346195106492 -1.0214720808106815e-8 0.0018178962270421464 8.28159405290131e-6 0.000055798865888875904 0.000055601284456670856 1.8112822845089038e-6 1.811426848288867e-6 4.595833306262359e-8 4.64947424899033e-8 9.512366371481321e-10 2.5114357236071755e-9 6.69966974433192e-11 3.0024720986914955e-9 1.1137194555728133e-10
-4.007435002411489e-16 -0.0077968155378423665 1.6362985896526287e-15 0.21563588635185454 -9.942976357162397e-14 -2.1176338389624823 -1.4327365695074745e-12 -2.5608698107702716 8.128358105135227e-11 -0.9058987482302274 -3.10074538689117e-8 0.09021396884231891 0.000025151669574211848 -0.005521058822228812 0.00016886455695607502 -0.0001694648066651086 5.500979477216195e-6 -5.5013356377471785e-6 1.395764901396043e-7 -1.40879528243381e-7 2.880108872107955e-9 -6.597744536562273e-9 1.7123911911095897e-10 -7.038795015228288e-9 2.648706312322701e-10
0.0004484354852585191 2.8905883174239296e-15 0.023756981770585696 -3.714815171134131e-14 -0.411083005172055 2.0969131014362097e-13 -2.5608698107702716 4.216078409392278e-13 1.1166221646338268 9.714043279585433e-11 -0.10932660433152547 -3.7576521945039016e-8 0.0066894508719096656 0.000030474404431297584 0.00020532748185391318 0.00020460039223498553 6.66511748173499e-6 6.665512744377399e-6 1.691133785342543e-7 1.70556573920528e-7 3.4859067355528603e-9 7.571272885063154e-9 1.9413143636466224e-10 7.683055399185443e-9 2.907697614926719e-10
-9.643071510206342e-15 0.0010426863064740353 -5.216734522751539e-13 -0.02885793876611703 9.20743426286461e-12 0.31397496843278816 8.128335857306648e-11 1.1166221646338266 -7.310388589595878e-10 4.093049694646926 2.6897063099527516e-7 -0.7822775710837793 -0.00021960062295211087 0.0482046568265456 -0.0014743970041337542 0.0014796376442361477 -0.00004803036961110225 0.000048032393386396426 -1.2186512119344203e-6 1.2259584143425345e-6 -2.503536201353859e-8 4.509631423178778e-8 -1.0968971447927253e-9 3.6707592154334924e-8 -1.4199403076608355e-9
0.00011333401592693471 9.408928449225876e-14 0.0060042269163594845 -2.567547859485888e-12 -0.10436094411171185 2.7563801825901727e-11 -0.9058987482302274 9.714060626820027e-11 4.093049694646926 7.154520903786637e-10 -0.7835228318710853 -2.693523349517217e-7 0.04827868428445562 0.00021993791190639742 0.0014819090038397274 0.001476661162289312 0.000048104116708370255 0.00004810612868914654 1.2205220861795073e-6 1.2278087557458307e-6 2.5072925283542557e-8 4.507010218367652e-8 1.095505697575875e-9 3.6578299110466594e-8 1.4153099242975031e-9
3.822027251333892e-12 -0.00009852331334977269 2.0251684023036336e-10 0.00272681329673204 -3.520947321573426e-9 -0.029717346195106492 -3.100745386885834e-8 -0.10932660433152551 2.6897063105100315e-7 -0.7835228318710853 -3.6471990695215316e-6 5.3052912092951825 0.0029484575233783565 -0.6471685373615832 0.019855436446004536 -0.01992599384129211 0.0006468194166265711 -0.0006468340514759421 0.00001641116485064801 -0.000016467327560952605 3.359808926454778e-7 -4.837198370144199e-7 1.0742819318887835e-8 -2.5860732604456754e-7 1.032348932543946e-8
-0.000011123869874678103 -3.3872926612398996e-11 -0.0005893223581746161 9.373717901200621e-10 0.010244811317158726 -1.0214720919129117e-8 0.09021396884231886 -3.757652197279374e-8 -0.7822775710837794 -2.6935233495171834e-7 5.3052912092951825 3.646777942245558e-6 -0.6471730365459629 -0.002948476668792237 -0.019926127770254168 -0.019855573982331603 -0.0006468234268412164 -0.0006468388675935267 -0.000016411265532666597 -0.000016467448919688197 -3.3598289029660883e-7 -4.837169535365938e-7 -1.074266988256612e-8 -2.5859715728704857e-7 -1.0323090764419503e-8
-3.1009993921205217e-9 6.026885369938324e-6 -1.642854410135358e-7 -0.00016680511266621846 2.855951709446848e-6 0.0018178962270420215 0.000025151669574208382 0.006689450871909523 -0.0002196006229523468 0.04827868428445518 0.0029484575233781345 -0.6471730365459621 -0.058191111442944025 6.386647846440893 -0.3918393814312616 0.38966547332432083 -0.01278504968571346 0.012669197177804912 -0.0003243800495117104 0.00032196919681842014 -6.62520588300912e-6 7.938039522221952e-6 -1.6052134198222905e-7 2.293413151369236e-6 -9.512280412912057e-8
6.807034931478836e-7 2.7456061675552944e-8 0.00003606243079742824 -7.598963881771486e-7 -0.0006269119618812901 8.281594052984576e-6 -0.005521058822228732 0.000030474404431353312 0.04820465682654549 0.00021993791190650757 -0.647168537361583 -0.002948476668792459 6.386647846440893 0.05819109561729743 0.38966551584647685 0.39183935157152133 0.012669092082498393 0.012785156167855657 0.0003214379728669557 0.0003249161463882381 6.565116292676404e-6 8.010695319619074e-6 1.5906543063256296e-7 2.314404118722215e-6 9.426003929153533e-8
-2.0819675817356697e-8 1.8499040328706224e-7 -1.1029884934762965e-6 -5.1199488904269436e-6 0.0000191744335782229 0.000055798865888882734 0.000168864556956089 0.00020532748185394793 -0.0014743970041337612 0.0014819090038397903 0.01985543644600459 -0.01992612777025423 -0.3918393814312616 0.3896655158464769 -7.427688766664479 0.026352314120640864 -0.4826273108652879 0.0008561533364490045 -0.012256389042560482 0.000021753792824839224 -0.0002499740205150603 4.810561980811424e-7 -4.994081473768277e-6 6.299307545438621e-8 -1.4683895686375914e-6
2.0893715078274467e-8 1.8433553874540968e-7 1.1069100076289884e-6 -5.101821111798757e-6 -0.000019242596546648633 0.000055601284456684734 -0.00016946480666510857 0.00020460039223495777 0.0014796376442362067 0.0014766611622892877 -0.01992599384129222 -0.019855573982331714 0.3896654733243208 0.3918393515715218 0.026352314120640864 7.427688085824093 0.0008561570730154112 0.48262521059859287 0.000021741838191206595 0.012263128307294462 4.434335990311532e-7 0.0002711827719557077 8.859094587537294e-9 0.000035510685753702836 2.604803543660167e-9
-6.78228260611987e-10 6.004961252197181e-9 -3.593127962273693e-8 -1.6619826214156955e-7 6.246318552716988e-7 1.8112822845045737e-6 5.500979477213565e-6 6.665117481731521e-6 -0.00004803036961108805 0.000048104116708377296 0.0006468194166265633 -0.0006468234268411816 -0.012785049685713238 0.012669092082497998 -0.48262731086528743 0.0008561570730154112 -8.450829360548472 5.408024737178559e-7 -0.4285726201830963 1.3710715682704332e-8 -0.008739110285078242 2.864955333004696e-10 -0.0001568837235819463 1.574171096816089e-11 -0.00001903017489679539
6.784231080833049e-10 6.006245967703759e-9 3.5937111656859074e-8 -1.6621907345244658e-7 -6.246935094162642e-7 1.8114268482853967e-6 -5.501335637750646e-6 6.665512744380869e-6 0.00004803239338638254 0.00004810612868914655 -0.0006468340514759438 -0.0006468388675934434 0.01266919717780514 0.012785156167855435 0.0008561533364490043 0.48262521059859337 5.408024737178559e-7 8.450801105620824 1.3713244100196057e-8 0.4284938417433464 2.796259110730978e-10 0.008953808940677994 5.019817428848821e-12 0.0004919717489787617 6.089068828046388e-13
-1.7212089706077835e-11 1.5238424863235687e-10 -9.11764619478304e-10 -4.217180922205536e-9 1.5849281503011256e-8 4.595833306154257e-8 1.3957649013868315e-7 1.6911337853425386e-7 -1.218651211930944e-6 1.2205220861781794e-6 0.000016411164850648932 -0.000016411265532667522 -0.0003243800495117668 0.0003214379728670112 -0.012256389042560267 0.000021741838191206486 -0.42857262018309583 1.3713244100196045e-8 -9.464958727735214 7.80196783500372e-12 -0.38545418957750727 1.5797375179562551e-13 -0.006582028102013215 4.054704297502373e-15 -0.00030973165847117103
1.8009152123497496e-11 1.5752338591368817e-10 9.345669257736151e-10 -4.296961091284138e-9 -1.6081089506155525e-8 4.6494742491312816e-8 -1.4087952824403153e-7 1.70556573920528e-7 1.2259584143442693e-6 1.2278087557458583e-6 -0.000016467327560980574 -0.000016467448919688197 0.0003219691968184904 0.00032491614638829365 0.000021753792824839454 0.01226312830729447 1.3710715682704345e-8 0.4284938417433464 7.80196783500372e-12 9.464046511577287 1.5887276969835017e-13 0.38327755146307546 2.7129364778382672e-15 0.00983619462465779 1.2763819249709967e-16
-3.717945946479291e-13 3.24245676056523e-12 -1.9194097601066695e-11 -8.810233641642966e-11 3.293021575378345e-10 9.512366372023418e-10 2.8801088723281834e-9 3.485906735578278e-9 -2.5035362013970576e-8 2.507292528397645e-8 3.359808926467787e-7 -3.3598289029400675e-7 -6.625205883009093e-6 6.565116292676351e-6 -0.0002499740205150325 4.4343359903115406e-7 -0.00873911028507813 2.796259110730912e-10 -0.3854541895775064 1.5887276969834994e-13 -10.47359691212854 4.51046422076868e-19 -0.3488901427660249 1.237197770878935e-20 -0.00742834053498033
2.941394495892252e-12 1.9469558673658736e-11 8.968205904459618e-11 -3.295424586869061e-10 -1.0164380145847307e-9 2.5114357237221603e-9 -6.597744536779114e-9 7.571272885279571e-9 4.5096314232655145e-8 4.5070102184433767e-8 -4.837198370157209e-7 -4.837169535378948e-7 7.938039522221844e-6 8.010695319632952e-6 4.810561980813051e-7 0.00027118277195576235 2.864955333004729e-10 0.008953808940677994 1.5797375179562554e-13 0.3832775514630754 4.51046422076868e-19 10.45769414956661 -6.304960251796257e-20 0.31714782005209585 3.495607455217429e-21
-8.453199282402894e-14 5.572635694211606e-13 -2.54094775452989e-12 -9.188554835630586e-12 2.7754732945423967e-11 6.699669743653963e-11 1.7123911912027616e-10 1.94131436327393e-10 -1.0968971447927253e-9 1.0955056976046212e-9 1.0742819319079264e-8 -1.074266988278476e-8 -1.6052134198309643e-7 1.5906543063213097e-7 -4.994081473763967e-6 8.85909458753057e-9 -0.00015688372358194674 5.019817428849454e-12 -0.006582028102013267 2.7129364778382656e-15 -0.348890142766025 -6.304960251796257e-20 -11.468227552499249 -1.4037578141684183e-24 -0.29468062124856675
5.374201295546041e-12 3.337887488065665e-11 1.425498813033529e-10 -4.799934787112475e-10 -1.3432092499063025e-9 3.0024720986957307e-9 -7.038795015235064e-9 7.68305539917189e-9 3.6707592154314596e-8 3.657829911038528e-8 -2.5860732604456754e-7 -2.585971572870757e-7 2.2934131513701033e-6 2.314404118722432e-6 6.299307545437266e-8 0.0000355106857536959 1.574171096816089e-11 0.000491971748978734 4.054704297502423e-15 0.00983619462465779 1.237197770878935e-20 0.3171478200520963 -1.403757814168419e-24 11.394703384605304 3.43140420617551e-26
-1.8223131587995275e-13 1.1553021392753967e-12 -5.031022365461181e-12 -1.7252631111824407e-11 4.909862853605915e-11 1.1137194555706957e-10 2.648706312307911e-10 2.9076976149404833e-10 -1.4199403076612607e-9 1.4153099242974502e-9 1.0323489325399596e-8 -1.032309076442035e-8 -9.512280412883676e-8 9.426003929157683e-8 -1.4683895686349612e-6 2.6048035436618082e-9 -0.000019030174896795403 6.089068828046388e-13 -0.00030973165847114344 1.2763819249712807e-16 -0.007428340534980386 3.495607455217429e-21 -0.2946806212485663 3.43140420617551e-26 -12.40963190135492