1.673808335721292 -1.7455775967400101e-15 2.3850306710909916 -1.1387968570394627e-15 0.16932195284909218 8.766591682267406e-16 0.016718927651717803 7.662487005910047e-16 0.0026006089479646993 -1.47747676316846e-16 0.0008933313465186166 9.649185387698986e-16 -0.0001597309318401376 -1.8093586383031955e-14 -0.00001639349880180115 -2.2463077652983386e-13 -1.1894790086047698e-6 7.992181095458738e-12 6.505707111893688e-8 2.4655779878525895e-10 3.461948422790571e-9 1.1524094860303379e-9 1.1547065765502918e-9 1.597184972895384e-9 1.5971858043308073e-9
-1.6937662855257567e-15 4.8845422559798894 -3.2829645733675407e-15 -4.0406405413478135 -7.971082466075088e-16 -0.3975988375226919 -3.378963017542169e-15 0.05122692420433557 -1.373181768917744e-15 0.009098409834552772 1.018515468616599e-15 0.0014267363251335523 5.7977210324073255e-15 -0.00014923120878759037 1.653413217096461e-13 -0.000011018533062746686 2.0809206671042282e-12 6.103258621787451e-7 -7.497774626231263e-11 3.0926314112908906e-8 -2.2025527379261033e-9 7.86595735467859e-9 -7.850309381836116e-9 1.0406505344464796e-8 -1.0406499927204514e-8
2.385030671090992 -3.4737773778330006e-15 7.806071966893607 -1.0058755281981335e-14 5.57278402800646 1.3817364015363911e-15 0.7272491355103277 -8.298917671969452e-15 0.12504720527033625 1.3870160970956146e-15 0.045222367386002556 4.12405505839001e-14 -0.008567173404082399 -1.021188266209366e-12 -0.0009230570928756136 -1.3133610730628047e-11 -0.00006954341419615304 4.801564615290343e-10 3.908517641082361e-6 1.3669242988880042e-8 1.9193152390759826e-7 3.7445277010446736e-8 3.7519916445702696e-8 4.705555223942119e-8 4.705557673491685e-8
-1.1387968570393617e-15 -4.0406405413478135 -1.005875528218813e-14 10.401498858628141 -1.719334899567406e-14 6.9874679933278765 2.148707406353145e-14 -1.186786262923368 5.966076134885722e-15 -0.2368390100627813 -6.307064739034657e-15 -0.0401734310334681 -1.756704623081822e-13 0.004457240841374972 -4.935815353129044e-12 0.0003437372718888087 -6.491699025854962e-11 -0.000019640595207519927 2.4128220091626724e-9 -9.469613318947929e-7 6.744199340000258e-8 -1.444450210311754e-7 1.4415767244133044e-7 -1.7002931727256054e-7 1.7002922876129098e-7
0.16932195284909218 -7.962400246016833e-16 5.57278402800646 -1.6978236505106485e-14 12.615113743823523 -4.819518670049418e-14 8.236798154647937 -1.48035686269029e-14 1.8233042350434585 1.6073975273515493e-14 0.7306572061321427 6.95659556822177e-13 -0.15280484705977812 -1.959100575428673e-11 -0.01769930420809044 -2.6487493890476346e-10 -0.0014025259685385841 1.0029435031290303e-8 0.00008164052727040766 2.779223261420807e-7 3.902341598587976e-6 4.73319255553707e-7 4.7426271986259784e-7 5.185764993052735e-7 5.185767692572705e-7
8.766591681754457e-16 -0.39759883752269176 1.3817364015363911e-15 6.9874679933278765 -4.740415194831241e-14 14.38503439056109 -4.344308409406104e-14 -9.38516857562935 -1.7090605958425324e-14 -2.488038380636545 -4.6929743426346336e-14 -0.48755939448575397 -2.1843248358859397e-12 0.05919694402524782 -6.55326936120054e-11 0.00484107314078308 -9.142684589770284e-10 -0.0002876874158641266 3.534203162994434e-8 -0.000013730374355158078 9.778686681137394e-7 -1.3632783341875275e-6 1.360566325835376e-6 -1.3712461858755348e-6 1.3712454720527434e-6
0.016718927651717855 -3.573251993918475e-15 0.7272491355103274 2.2597323346177972e-14 8.236798154647937 -4.2998998325282323e-14 15.289927539591483 -1.9343785642244394e-14 9.67130654117251 8.344823343433803e-14 5.032537917986101 5.771977070897825e-12 -1.2780885411052423 -1.8346791966186245e-10 -0.16573488138750134 -2.6540658265632473e-9 -0.014053384598161555 1.0493535663119326e-7 0.0008541835077513815 2.9140874515068036e-6 0.000040917060673394194 3.409491749252182e-6 3.416287867824422e-6 3.1387091602732345e-6 3.1387107941704528e-6
6.413486103206746e-16 0.05122692420433546 -8.35442882320071e-15 -1.1867862629233683 -1.547317188904354e-14 -9.385168575629352 -1.9787875063852693e-14 16.76406116797428 -4.4629969049051403e-14 11.080129693953635 9.773560708105684e-14 2.969025975401046 1.3370928927434742e-11 -0.4168712990767049 4.614788544360749e-10 -0.036881946487225356 6.9653885304902906e-9 0.002298296138537883 -2.8234274948776963e-7 0.00011092565231476126 -7.900055531616363e-6 7.982526216438473e-6 -7.966646350106125e-6 6.653058531282118e-6 -6.653055067929294e-6
0.00260060894796463 -1.3731817689306687e-15 0.1250472052703362 5.745764559370773e-15 1.8233042350434585 -1.7756746655343115e-14 9.671306541172513 -4.4629968202018456e-14 11.840831132039403 1.5296334155138453e-13 11.192963897133417 1.8398996087910866e-11 -4.081479483129526 -6.861347573149462e-10 -0.6198145515378692 -1.0724607834438165e-8 -0.05678718469288893 4.4319633537191966e-7 0.0036076591847315335 0.000012490892374467734 0.00017538615762973216 0.000011493354633553013 0.00001151626426544399 8.92703420041583e-6 8.927038847505227e-6
-9.223657801868504e-17 0.009098409834552987 1.609114911922475e-15 -0.23683901006278027 1.6073975273515493e-14 -2.488038380636545 8.322792271247347e-14 11.080129693953634 1.549617413016439e-13 22.272432921033086 4.801126009013699e-13 11.611544895894305 5.213124141148864e-11 -2.1633360468182126 2.3947851741857646e-9 -0.21502243745773553 4.060832962876962e-8 0.014236175351435522 -1.74889599121667e-6 0.0007042885109461107 -0.00005015898694802788 0.0000399314906507803 -0.000039852053801095466 0.000026796037605887336 -0.0000267960236568247
0.0008933313465186729 9.35262290936447e-16 0.04522236738600279 -6.612376017867016e-15 0.7306572061321428 -4.7817948951100773e-14 5.032537917986102 9.729151787120678e-14 11.192963897133419 4.805566900582804e-13 19.561940513764263 5.0928047312383636e-11 -11.277168219038 -2.3803753819176624e-9 -2.1502570979211724 -4.0659778218115944e-8 -0.2152949465077978 1.7572029149152209e-6 0.014303794387915562 0.00005047461218797892 0.0007087202438322749 0.000039705293727801264 0.00003978443804149344 0.00002639457598740811 0.00002639458972746294
9.091903353459069e-16 0.0014267363251336078 4.1018607675041116e-14 -0.04017343103346871 6.961036189269727e-13 -0.4875593944857538 5.772421048299326e-12 2.969025975401046 1.839900323686894e-11 11.611544895894305 5.092782526799047e-11 33.712224488787385 3.3834879817058565e-13 -11.84782399973158 1.3062188545784391e-8 -1.545177304918347 2.918093840517525e-7 0.11412262635060079 -0.0000140198186659923 0.00592752025211506 -0.0004221542823918882 0.000273015667562076 -0.0002724725497301947 0.00013479137839537836 -0.00013479130822658877
-0.00015973093184010637 5.797721045642215e-15 -0.00856717340408226 -1.7567004217984037e-13 -0.15280484705977845 -2.1842952913635046e-12 -1.2780885411052425 1.337215017276183e-11 -4.081479483129524 5.213300389054023e-11 -11.277168219038 3.3923697659028577e-13 33.63280946092876 1.305488269922353e-8 11.841225299890551 2.917468110598257e-7 1.5448462250367052 -0.000014018380207947239 -0.11411091693884505 -0.0004221314468676493 -0.005927199615775583 -0.00027242140685272893 -0.0002729644227422792 -0.00013473066754313473 -0.0001347307376802359
-1.8079274914355146e-14 -0.00014923120878747922 -1.021292783510552e-12 0.004457240841375528 -1.959139433573348e-11 0.05919694402524826 -1.834678081923266e-10 -0.41687129907670484 -6.861347573149462e-10 -2.1633360468182135 -2.3803758260619294e-9 -11.84782399973158 1.3054882706159035e-8 47.40378845125344 -7.183746056783208e-13 11.962805326835653 -2.2460072176284235e-6 -1.166328586921444 0.00014328068923800952 -0.06730043493026411 0.0047930947786005325 -0.002656714786538643 0.0026514297024124653 -0.0008420172836402243 0.0008420168434518371
-0.00001639349880180809 1.6545234406587536e-13 -0.0009230570928758356 -4.936023519946161e-12 -0.017699304208090884 -6.553296401202722e-11 -0.16573488138750134 4.614795205698897e-10 -0.6198145515378684 2.3947851741866117e-9 -2.150257097921171 1.3062188663962428e-8 11.841225299890553 -7.183754730400588e-13 47.40308285539566 2.2459992067448004e-6 11.962763232730001 -0.00014328047982826476 -1.1663268818445398 -0.004793090891710167 -0.06730038035409247 -0.0026514263435397966 -0.002656711420975316 -0.0008420139808516887 -0.0008420144210376512
-2.2463603496413715e-13 -0.00001101853306273953 -1.3133639353578635e-11 0.0003437372718888642 -2.6487516790160306e-10 0.00484107314078333 -2.654066076363428e-9 -0.03688194648722552 -1.0724607667796291e-8 -0.21502243745773497 -4.0659778218115944e-8 -1.5451773049183453 2.9174680928346886e-7 11.962805326835651 2.2459992067448004e-6 62.81223232672666 -7.725105277689437e-13 -12.012842614563208 0.0014734937047917451 -0.913760755619111 0.06507729566236263 -0.034522096084357294 0.034453407283625115 -0.006249990292179128 0.006249984677961229
-1.189479008603035e-6 2.0809070061601636e-12 -0.00006954341419609753 -6.491700413639037e-11 -0.0014025259685382441 -9.142682221872739e-10 -0.014053384598162001 6.9653887525365896e-9 -0.05678718469288932 4.0608329517754095e-8 -0.2152949465077978 2.9180938227542277e-7 1.5448462250367043 -2.2460072220693156e-6 11.96276323273 -7.743011960770207e-13 62.81222931994112 -0.001473493687903938 -12.012842478241533 -0.06507729534064698 -0.913760751102036 -0.03445340712915163 -0.03452209592960381 -0.0062499846014556605 -0.006249990215669077
7.992181528927849e-12 6.103258621802639e-7 4.801564554576081e-10 -0.000019640595207516458 1.0029435003588938e-8 -0.0002876874158641665 1.0493535690506611e-7 0.0022982961385377165 4.4319633537191966e-7 0.014236175351435853 1.7572029153593372e-6 0.11412262635060118 -0.000014018380208890928 -1.1663285869214441 -0.00014328047982827864 -12.012842614563205 -0.001473493687909267 80.06352425756916 -8.814060592499118e-13 11.98414692928409 -0.8520237519086268 0.5423908575888706 -0.541178881130643 0.0549747149932278 -0.054961180894191664
6.505707111855762e-8 -7.497775144022504e-11 3.908517641075422e-6 2.4128219814204375e-9 0.00008164052727052556 3.534203161433183e-8 0.000854183507751413 -2.8234274982040286e-7 0.0036076591847313045 -1.7488959915219814e-6 0.014303794387914313 -0.000014019818666436389 -0.11411091693884683 0.00014328068923780135 -1.1663268818445398 0.0014734937047899722 -12.012842478241534 -8.83182416089312e-13 80.06352425042428 0.8520237518903591 11.984146929028647 0.5411788811244184 0.5423908575827583 0.05496118089287756 0.054974714991888884
2.4655779900208615e-10 3.0926314112692065e-8 1.3669242991373707e-8 -9.469613318978837e-7 2.779223261630058e-7 -0.000013730374355171962 2.91408745144392e-6 0.00011092565231476126 0.000012490892374398318 0.0007042885109461663 0.00005047461218808994 0.005927520252115282 -0.0004221314468673162 -0.06730043493026344 -0.004793090891709723 -0.913760755619111 -0.06507729534064519 11.984146929284098 0.8520237518903591 99.0713618644485 -5.400124791776761e-13 8.870341961377346 -7.67540559439986 0.6190550073162575 -0.5367397273483245
3.4619484228515575e-9 -2.202552737709263e-9 1.919315239084652e-7 6.744199340694147e-8 3.90234159859481e-6 9.77868668124141e-7 0.00004091706067347745 -7.90005553169963e-6 0.00017538615762988476 -0.0000501589869481389 0.000708720243832386 -0.00042215428239211024 -0.005927199615775471 0.004793094778600142 -0.0673003803540938 0.06507729566236062 -0.9137607511020378 -0.8520237519086302 11.984146929028647 -5.415667914121514e-13 99.07136186443837 7.6754055943996375 8.870341961377132 0.53673972734835 0.6190550073161951
1.1524094860574545e-9 7.86595735478685e-9 3.744527701027712e-8 -1.4444502103247645e-7 4.733192555576103e-7 -1.363278334191e-6 3.409491749254791e-6 7.982526216467953e-6 0.000011493354633587666 0.00003993149065075254 0.00003970529372777172 0.0002730156675619662 -0.00027242140685286847 -0.002656714786538211 -0.0026514263435403656 -0.034522096084358724 -0.03445340712915218 0.5423908575888706 0.5411788811244148 8.87034196137736 7.675405594399641 118.89931369214236 -4.430483757644765e-15 9.83133914911012 -0.009786058707057295
1.1547065765164634e-9 -7.850309381673486e-9 3.751991644459139e-8 1.4415767244187254e-7 4.742627198606463e-7 1.3605663258314728e-6 3.4162878678036055e-6 -7.966646350090405e-6 0.000011516264265430112 -0.000039852053801061205 0.00003978443804143099 -0.0002724725497301114 -0.0002729644227422792 0.0026514297024123543 -0.002656711420974872 0.034453407283625115 -0.034522095929602425 -0.541178881130636 0.5423908575827565 -7.6754055943998525 8.870341961377125 -4.416605969836951e-15 118.89931369214264 0.009786058707056981 9.831339149110228
1.5971849728919898e-9 1.0406505344458005e-8 4.705555223941971e-8 -1.7002931727245212e-7 5.185764993052392e-7 -1.3712461858757449e-6 3.1387091602715472e-6 6.653058531278703e-6 8.927034200412414e-6 0.000026796037605895142 0.000026394575987408056 0.00013479137839535928 -0.00013473066754313476 -0.0008420172836402113 -0.0008420139808516886 -0.006249990292179128 -0.0062499846014556605 0.0549747149932288 0.05496118089287812 0.619055007316253 0.5367397273483482 9.831339149110113 0.009786058707056972 139.32998532489583 -6.911788849595091e-19
1.5971858043300662e-9 -1.0406499927222302e-8 4.705557673499817e-8 1.7002922876129098e-7 5.185767692578397e-7 1.3712454720536107e-6 3.1387107941721875e-6 -6.653055067932763e-6 8.927038847508697e-6 -0.000026796023656825568 0.000026394589727462073 -0.00013479130822657837 -0.00013473073768020816 0.0008420168434517816 -0.0008420144210376512 0.006249984677961118 -0.006249990215669077 -0.05496118089419255 0.05497471499188933 -0.5367397273483245 0.6190550073161933 -0.009786058707057302 9.831339149110228 -6.844026213814747e-19 139.3299853248958