1.4532414868976402 -2.129474523410759e-15 2.072228266899823 -5.274622600954724e-16 0.1721170790723349 4.99890619751479e-16 -0.020595150197379578 1.0032972374921434e-16 0.005190197866362121 -4.988708422400676e-16 -0.0013810704446585338 1.2226746309596282e-14 -0.00016245626080288857 2.37323405508787e-13 0.000012495456204702007 1.6062024680316374e-11 6.897777582942318e-7 2.769902639390978e-10 2.8717239476688337e-8 6.053233032691091e-10 7.60922025634429e-10 9.603149281406631e-11 9.603185578792243e-11 1.450426332418454e-10 1.4504263349247285e-10
-2.1303418851487475e-15 4.220746055122944 -4.0891773464570044e-15 -3.495674488035985 -3.6626159267389195e-15 -0.4082531925523025 2.0539292888419324e-15 -0.06433642214185639 -1.0039043768076278e-15 -0.011309356110005962 5.224478240875475e-15 0.0013466031717502477 9.973320237389148e-14 0.0001060470689844072 -2.0146665228350352e-12 5.959477558816301e-6 -1.387711580615249e-10 2.5145806644419856e-7 -2.4254224067805327e-9 6.664251467677749e-9 -5.301498152708257e-9 6.663774027911442e-10 -6.66374883859393e-10 9.280720904348146e-10 -9.280720888269058e-10
2.072228266899823 -4.076112723513444e-15 6.691168835156744 1.8834513596212687e-15 4.791840072230842 -1.5196384962346106e-15 -0.7516729462334637 2.863098414968488e-15 0.2071426574994698 -2.5249311192089445e-14 -0.059572166420831664 5.604444800337896e-13 -0.007513777399715542 1.1562448305499282e-11 0.0006086655763615312 8.127221087040257e-10 0.00003490206149154378 1.4414898048324389e-8 1.494478806180353e-6 3.162621988677395e-8 3.9755758897935813e-8 3.234675047006767e-9 3.234687273288581e-9 4.100168143286102e-9 4.1001681503939466e-9
-5.274758126747327e-16 -3.4956744880359842 1.4430552126005166e-15 8.818047988871125 -3.5780237167439275e-15 5.963121568339614 -8.04722525497657e-15 1.239508412301286 1.3058580303078265e-14 0.24860851748676668 -1.1332123712067799e-13 -0.03236067055221275 -2.4036782179437155e-12 -0.002709997591691213 5.1483133375056956e-11 -0.00015897629817096374 3.7018889641759293e-9 -6.917083660184771e-6 6.671828013168433e-8 -1.851885882352283e-7 1.473199147826222e-7 -1.2609332822124617e-8 1.2609285159697268e-8 -1.437426722781102e-8 1.4374267202838301e-8
0.1721170790723349 -3.329440652897658e-15 4.791840072230844 -3.564145928987812e-15 10.502997049700301 -3.4207595900801e-14 -6.809948815871441 5.310876819361346e-17 2.3654037547260467 -3.5436396971993206e-13 -0.7962294942351528 8.386977405186942e-12 -0.1126666767253025 1.8654812895770744e-10 0.009819854265672796 1.376129444736249e-8 0.0005909738820265632 2.523343036660206e-7 0.000026161008415918636 5.618671375551103e-7 7.062954261056212e-7 4.1398508904029186e-8 4.1398665385443046e-8 4.205157016466633e-8 4.2051570237420225e-8
4.989690479048727e-16 -0.40825319255230247 -2.0886277963548013e-15 5.963121568339614 -3.426657649898421e-14 11.825683535799548 4.3617457715417215e-14 7.8723717644516515 6.0338344400136675e-15 2.149112978695092 -9.5691208557198e-13 -0.32626348717669124 -2.4257761615396082e-11 -0.029817312022155037 5.664459609219528e-10 -0.0018462421483043002 4.299120995910412e-8 -0.00008324503454737102 8.029345613743922e-7 -2.269596964401148e-6 1.8054937108458439e-6 -1.1762450497857721e-7 1.17624060367492e-7 -1.0586913895636022e-7 1.0586913877253532e-7
-0.02059515019737966 2.165385483931679e-15 -0.7516729462334637 -8.04722697551386e-15 -6.809948815871442 4.3603579715851164e-14 10.85811884514516 6.712355034249947e-14 -8.353525329283018 1.835284494828343e-12 4.0640908032494 -5.218104523586985e-11 0.7013175582968343 -1.2831612150824514e-9 -0.06754496762919106 -1.0024557229439214e-7 -0.004305010336871163 -1.905954205107871e-6 -0.00019760168664992712 -4.328523990453828e-6 -5.441173707965224e-6 -2.5710785516318514e-7 -2.571088270006687e-7 -2.066243045683552e-7 -2.0662430492574002e-7
1.5757570433559262e-16 -0.06433642214185628 2.8926446182346125e-15 1.2395084123012867 -3.9098033577733075e-16 7.8723717644516515 6.692926131319007e-14 14.869928519961622 -1.9603273608418778e-14 8.791477471572678 -3.901861337705703e-12 -1.808084276336652 -1.3446248829608083e-10 -0.18787581021555846 3.569110093071291e-9 -0.012440573781664525 2.896886083968742e-7 -0.0005839236507656735 5.632197559912971e-6 -0.000016283288646439168 0.000012953566515907668 -7.045402830811576e-7 7.045376199934172e-7 -4.950629679241616e-7 4.95062967065062e-7
0.005190197866362081 -1.010816165657021e-15 0.20714265749947025 1.3117560901261476e-14 2.365403754726047 6.157840063491697e-15 -8.353525329283018 -1.96033278185791e-14 10.568639669727226 -3.720032798908284e-12 -8.32233135506365 1.392990904095636e-10 -1.8725454219053694 3.796871259429634e-9 0.19986514301752245 3.120299564341475e-7 0.013400015148799137 6.109080262412426e-6 0.0006333649363467009 0.000014105996049235573 0.00001773195089057453 7.500452363355006e-7 7.500480714272146e-7 5.063484051775865e-7 5.063484060538156e-7
-4.641899252474856e-16 -0.01130935611000595 -2.5183391752941886e-14 0.24860851748676646 -3.548080860348106e-13 2.1491129786950927 1.835284496548775e-12 8.79147747157268 -3.720476891505852e-12 23.132028163203575 -2.1845039294485778e-13 -9.00351478682093 -6.656879449118166e-10 -1.227775854401206 2.3323736991851573e-8 -0.09065802072093235 2.111043728665493e-6 -0.004504493211460281 0.000043447796027574036 -0.0001296654053646045 0.00010315050538410353 -4.887372369205366e-6 4.88735389544677e-6 -2.5479654947992073e-6 2.547965490378064e-6
-0.001381070444658666 5.307690757406942e-15 -0.05957216642083133 -1.1355714595922931e-13 -0.7962294942351534 -9.57356173934797e-13 4.0640908032494 -3.901417028266873e-12 -8.322331355063648 -2.2111492799219992e-13 22.796162325918193 -6.633988244794164e-10 8.973146402260506 -2.32966697914617e-8 -1.2263520864471795 -2.1101045229531336e-6 -0.09061768736209912 -0.000043443392141521834 -0.004504036633855174 -0.00010315936274053686 -0.0001296765395106213 -4.884947176735724e-6 -4.8849656413450186e-6 -2.542610898140799e-6 -2.5426109025446057e-6
1.2213735883629854e-14 0.00134660317175022 5.602077173843731e-13 -0.032360670552212416 8.38653342439731e-12 -0.326263487176692 -5.218004646903949e-11 -1.808084276336652 1.3929861943213821e-10 -9.00351478682093 -6.633969925572157e-10 34.727437024204995 2.6304983237877385e-13 9.117064842511306 -1.725203832906568e-7 0.8866929763593889 -0.00002064728178971795 0.0492079664435445 -0.00047463223325461154 0.0014987803329862249 -0.0011922991205620345 0.00005069581041723544 -0.000050695618785081675 0.000017381957623080824 -0.000017381957590350237
-0.00016245626080288857 9.969156901046804e-14 -0.0075137773997155 -2.403679952667243e-12 -0.11266667672530273 -2.425720628704375e-11 0.7013175582968344 -1.3446160011765948e-10 -1.8725454219053694 -6.656893292211438e-10 8.973146402260506 2.6303595459096604e-13 34.72356115413907 -1.7251585063927074e-7 -9.11682756461349 -0.00002064706772033493 -0.8866837846735163 -0.00047462974222836906 -0.04920770818253633 -0.0011922957623774469 -0.0014987761115805127 -0.00005069534009488337 -0.000050695531725862466 -0.00001738159349354614 -0.000017381593526222434
2.373381506583328e-13 0.00010604706898434778 1.1562545505918008e-11 -0.00270999759169149 1.8654814328272864e-10 -0.029817312022155477 -1.283161633150809e-9 -0.18787581021555874 3.796871485053787e-9 -1.2277758544012052 -2.3296668903283228e-8 9.117064842511306 -1.7251584975109232e-7 48.09711265145159 -2.8413513031386606e-13 9.163472874016984 -0.00021320463817483867 0.6730280142764712 -0.006491635111125327 0.0229148737663743 -0.018229077455142403 0.0007374572680648847 -0.0007374544525394992 0.00014748532144784722 -0.00014748531558850253
0.000012495456204701143 -2.0146799940470542e-12 0.0006086655763616838 5.148313337839256e-11 0.00981985426567324 5.664459609219561e-10 -0.06754496762919106 3.569110093071291e-9 0.19986514301752267 2.3323735659583943e-8 -1.2263520864471804 -1.7252038245801662e-7 -9.11682756461349 -2.842461526163286e-13 48.097094614594695 0.0002132046194297971 9.163472068074054 0.0064916348715682555 0.6730279894344404 0.018229077085566668 0.022914873301805534 0.0007374544367671626 0.0007374572522930774 0.0001474853035164479 0.00014748530937548632
1.60620220782278e-11 5.9594775588163e-6 8.127220878941194e-10 -0.00015897629817088134 1.3761294447415853e-8 -0.0018462421483043557 -1.0024557201704984e-7 -0.01244057378166408 3.120299563235588e-7 -0.09065802072093238 -2.110104522731062e-6 0.8866929763593872 -0.000020647067720223906 9.163472874016982 0.00021320461943204444 63.32008666885639 -1.101622048790829e-12 9.184473214208756 -0.08837435090706908 0.41437873903270844 -0.32962788590649733 0.013911009817405636 -0.0139103093951254 0.0015227218747355172 -0.0015226509581791337
6.897777582968334e-7 -1.3877115459207795e-10 0.000034902061491550715 3.7018889641759327e-9 0.0005909738820265354 4.299121004237085e-8 -0.004305010336871274 2.896886079458528e-7 0.013400015148799144 2.111043728665493e-6 -0.09061768736209953 -0.00002064728178971795 -0.8866837846735163 -0.0002132046381717309 9.16347206807405 -1.1016219945807204e-12 63.32008662625021 0.08837435089286808 9.184473212751092 0.3296278858838126 0.41437873900421296 0.0139103093944346 0.013911009816728367 0.0015226509579392422 0.0015227218744933435
2.769902642508059e-10 2.514580664428975e-7 1.4414898048324389e-8 -6.9170836601778335e-6 2.5233430368162973e-7 -0.0000832450345473398 -1.9059542051703212e-6 -0.0005839236507656041 6.109080262495637e-6 -0.00450449321146017 -0.00004344339214162928 0.04920796644354364 -0.00047462974222814614 0.6730280142764712 0.006491634871570028 9.184473214208762 0.08837435089286627 80.46591952901933 -5.428157923148547e-13 7.24830055234781 -5.6528291908093875 0.3101765055361177 -0.30424894352567433 0.019708306921290917 -0.01933174857366593
2.871723947625381e-8 -2.4254224076480003e-9 1.4944788061786187e-6 6.671828013602116e-8 0.000026161008415904762 8.0293456138827e-7 -0.00019760168664998264 5.632197559871338e-6 0.0006333649363467009 0.000043447796027463014 -0.004504036633854734 -0.0004746322332546124 -0.04920770818253633 -0.006491635111124442 0.6730279894344396 -0.08837435090707085 9.184473212751092 -5.463685059936552e-13 80.46591952896195 5.652829190808327 7.248300552346654 0.30424894352562115 0.3101765055361242 0.019331748573666627 0.01970830692128267
6.053233033114606e-10 6.664251467813274e-9 3.162621988817642e-8 -1.851885882346862e-7 5.618671375514223e-7 -2.2695969644006058e-6 -4.328523990445805e-6 -0.000016283288646442665 0.0000141059960492282 -0.00012966540536454553 -0.00010315936274053513 0.0014987803329863918 -0.001192295762377502 0.022914873766374307 0.01822907708556628 0.4143787390327059 0.3296278858838115 7.248300552347809 5.6528291908083235 99.52824784075104 -8.419653863001031e-14 9.04764543212354 -1.0303994268802126 0.44438170393997967 -0.05060966969365799
7.609220255937731e-10 -5.301498152599837e-9 3.975575889723108e-8 1.4731991477849568e-7 7.062954261021518e-7 1.8054937108389058e-6 -5.441173707963382e-6 0.000012953566515897263 0.000017731950890571063 0.00010315050538407578 -0.00012967653951059355 -0.0011922991205619755 -0.0014987761115805647 -0.018229077455141737 0.022914873301805284 -0.3296278859064981 0.4143787390042094 -5.652829190809383 7.248300552346651 -8.50569614740948e-14 99.52824784075074 1.0303994268802161 9.047645432123424 0.050609669693663616 0.44438170393992493
9.603149281321928e-11 6.66377402791088e-10 3.234675046986329e-9 -1.260933282202975e-8 4.1398508903946184e-8 -1.1762450497868735e-7 -2.571078551632122e-7 -7.045402830809409e-7 7.500452363355275e-7 -4.887372369201896e-6 -4.884947176728797e-6 0.00005069581041720115 -0.000050695340094848674 0.0007374572680648847 0.0007374544367670516 0.013911009817405636 0.013910309394435052 0.3101765055361177 0.30424894352562026 9.047645432123536 1.0303994268802157 120.02987960361126 -1.2237932021930131e-17 8.071688415239299 -0.000015248078901033087
9.603185579301125e-11 -6.663748838916332e-10 3.2346872734243182e-9 1.2609285159914532e-8 4.1398665385443046e-8 1.1762406036825094e-7 -2.5710882700131924e-7 7.045376199912488e-7 7.500480714267945e-7 4.887353895444981e-6 -4.884965641341603e-6 -0.00005069561878510943 -0.00005069553172591841 -0.0007374544525397785 0.0007374572522931902 -0.013910309395125178 0.013911009816728367 -0.30424894352567533 0.3101765055361224 -1.0303994268802121 9.047645432123426 -1.2237932021930131e-17 120.02987960361146 0.00001524807890103238 8.071688415239429
1.4504263324203068e-10 9.280720904377792e-10 4.100168143293513e-9 -1.43742672278377e-8 4.2051570164686604e-8 -1.0586913895641438e-7 -2.0662430456838145e-7 -4.950629679242285e-7 5.063484051782378e-7 -2.547965494798895e-6 -2.542610898141571e-6 0.00001738195762308104 -0.000017381593493546587 0.00014748532144787495 0.00014748530351647607 0.0015227218747354617 0.0015226509579393049 0.019708306921290917 0.01933174857366685 0.4443817039399805 0.05060966969366383 8.071688415239299 0.000015248078901032353 140.96488241914676 -1.7999450129153882e-21
1.450426334918508e-10 -9.280720888260587e-10 4.100168150385053e-9 1.4374267202824748e-8 4.205157023740667e-8 1.0586913877253532e-7 -2.0662430492578068e-7 4.950629670648181e-7 5.063484060538156e-7 2.54796549037763e-6 -2.542610902545473e-6 -0.00001738195759034937 -0.000017381593526214628 -0.00014748531558848865 0.00014748530937548632 -0.001522650958179328 0.001522721874493288 -0.019331748573666374 0.019708306921283114 -0.050609669693657766 0.4443817039399214 -0.000015248078901033073 8.071688415239421 -1.7999450129153882e-21 140.96488241914665