-8.168958022610334e-16 -1.2942927386300878 2.04409273672662e-15 -0.03202299797558046 3.596995870517492e-14 -0.0016596614922401917 1.4572449611618314e-13 -0.00015265681055093652 2.3316169162800643e-13 -0.000031545536347372396 -1.2974612683671763e-11 7.766062651708426e-6 2.6350541302811842e-9 -8.284353080575089e-7 4.0804973067835006e-8 -4.223350438388598e-8 2.1691363254320276e-9 -2.2032150896850485e-9 -8.889642300289254e-11 1.7813403896214547e-10 -6.628505738336374e-12 1.8777613527334162e-10 -8.916470296197475e-12 2.625407975892314e-10 -1.3838549197925268e-11
-1.2942927386300878 -4.5694817729078315e-14 -1.7921992732662029 2.217480675739679e-14 -0.0678815209242809 5.132079028342055e-13 -0.004718091734351134 1.7345493050673497e-12 -0.0005553081300113902 5.226846533869081e-12 -0.00008035849375851329 -1.5048133124886882e-10 8.331440383145051e-6 2.6547050917068363e-8 4.244898661218032e-7 4.103268136509959e-7 2.1806966345804612e-8 2.2041434042144513e-8 -8.899006232369378e-10 -1.4878391129900045e-9 -5.437111091789668e-11 -1.2395068875461472e-9 -5.99593409052661e-11 -1.684092549935949e-9 -9.118607439134027e-11
2.1277922978166817e-15 -1.7921992732662029 -8.005569474986654e-13 -2.143130762954757 6.905211499597509e-14 -0.11468093760444967 4.333715643823472e-12 -0.010549471456732169 3.5757567806470064e-12 -0.0021799818937927695 -9.277061792883197e-10 0.0005366805623374641 1.8218801084949355e-7 -0.000057249658963985 2.819867166678746e-6 -2.9181812525381827e-6 1.498878897228251e-7 -1.5101317140932808e-7 -6.099268508713278e-9 8.887936832755253e-9 -3.1848870782475425e-10 5.70692015906846e-9 -2.8039698303647614e-10 7.498291990546774e-9 -4.167691705265972e-10
-0.032022997975580406 2.215073768097755e-14 -2.143130762954757 -8.658865259839942e-12 -2.4069604966650675 -1.2037992640565586e-12 -0.17512747352484942 2.921180262610809e-11 -0.020617465245922117 1.4492025223201953e-10 -0.0029835600330761214 -5.463226756967894e-9 0.00030933042819102346 9.85294987632629e-7 0.00001576047603073178 0.000015233186847351913 8.096066969905146e-7 8.13922618020272e-7 -3.288117107978669e-8 -4.330143765340682e-8 -1.5227515009052998e-9 -2.1127197988528082e-8 -1.0504115446521497e-9 -2.6685201950781028e-8 -1.5212399506903635e-9
3.5997714280790754e-14 -0.0678815209242809 6.921864675643661e-14 -2.406960496665068 -6.691531483016863e-11 -2.6028602359347306 -2.2853532463337647e-11 -0.25476420779018966 -1.1751011685815344e-10 -0.05268133379465539 -2.2852448370371938e-8 0.012969949641767318 4.404063082817086e-6 -0.0013835524879848421 0.00006814782444728744 -0.00007051914945518658 3.6222033062163044e-6 -3.636225661186882e-6 -1.4691828311306695e-7 1.7985459980477778e-7 -6.221227849138663e-9 6.650958657652446e-8 -3.3312185435003878e-9 8.019947902749978e-8 -4.684058735198803e-9
-0.0016596614922401863 5.131255034690966e-13 -0.11468093760444954 -1.203799263848109e-12 -2.602860235934731 -3.881136407787158e-10 -2.7315830736539217 -9.579570683022046e-11 -0.3489199736623676 1.823625831173304e-9 -0.0505594849115934 -9.125830318771294e-8 0.005242044077077686 0.000016694036655642202 0.00026708358185657436 0.00025813591617103915 0.000013719573405428313 0.000013758749397805085 -5.559639746319294e-7 -6.461600626602969e-7 -2.204876988877929e-8 -1.8267837486171592e-7 -9.17060558659795e-9 -2.087160417134392e-7 -1.2472118187288595e-8
1.4568481431656677e-13 -0.004718091734351045 4.333636049834793e-12 -0.17512747352484936 -2.2853587108821206e-11 -2.7315830736539213 -1.7940479474069333e-9 -2.787052377236164 -3.975459768311285e-9 -0.6452714757004127 -2.8580967577480023e-7 0.16006407367309639 0.000054373756622636644 -0.01707918976306839 0.0008412498291296857 -0.0008704933813408445 0.00004471335099066781 -0.00004480994452158268 -1.8107917101917213e-6 2.028620569281795e-6 -6.848257351212323e-8 4.462362578498474e-7 -2.2333000960731333e-8 4.794084358192979e-7 -2.9263627309646403e-8
-0.0001526568105509365 1.7345423695615906e-12 -0.010549471456732159 2.921177403027579e-11 -0.2547642077901898 -9.579548457555054e-11 -2.7870523772361637 -4.655408289376583e-9 -2.5565918766414346 8.384187039478208e-9 -0.41389750569507355 -7.384810454812943e-7 0.04300427053016124 0.00013693738615578457 0.0021911193606602023 0.002117662544668188 0.00011255213570655446 0.00011274115720846 -4.5561461332278915e-6 -4.979820798488958e-6 -1.6680457550678027e-7 -8.84597356145899e-7 -4.3939643974217674e-8 -8.91431931758144e-7 -5.541935310516147e-8
2.3309056796548815e-13 -0.0005553081300114457 3.5756873917079673e-12 -0.02061746524592213 -1.1751006134705598e-10 -0.34891997366236777 -3.975459775250182e-9 -2.5565918766414346 -4.434804749275339e-8 -3.252567153699432 -2.143121453200561e-6 1.182874505699967 0.00040866141696129616 -0.1283503308165519 0.00632296799745516 -0.006542642620218497 0.0003360692898729513 -0.00033650255300421113 -0.000013599378168993646 0.000014562193054210612 -4.844425098110578e-7 2.076402816155213e-6 -1.0173270473958691e-7 1.9298202711942993e-6 -1.2230652727574476e-7
-0.0000315455363473251 5.226809996149989e-12 -0.0021799818937927244 1.4492018197569228e-10 -0.052681333794655595 1.8236260219861085e-9 -0.6452714757004124 8.384187031698627e-9 -3.252567153699432 2.3907446641053652e-8 -1.3583989136854646 -2.4113283723472578e-6 0.1457968252540744 0.00046422658018219535 0.007430667535385509 0.007181472212252546 0.00038169233940124814 0.000382138181031251 -0.000015443939065544924 -0.000016442741804948146 -5.459210177561208e-7 -2.184526196553579e-6 -1.0639316461607895e-7 -1.9700192139805684e-6 -1.2564654716598935e-7
-1.297461219578244e-11 -0.00008035849375857379 -9.277061229639904e-10 -0.002983560033076052 -2.2852448259349636e-8 -0.050559484911593344 -2.858096756082668e-7 -0.41389750569507355 -2.1431214533116917e-6 -1.3583989136854644 -0.0000178144655200221 4.944434480061225 0.003283042253600955 -1.0304433356835236 0.05119423470030555 -0.05297188267518914 0.002721080339015645 -0.002723028894633924 -0.00011005602242081696 0.0001145776765653178 -3.7740115098989217e-6 0.000010941774220353398 -5.115979218018513e-7 8.260579446824241e-6 -5.433453529437724e-7
7.766062651715369e-6 -1.5048127747244107e-10 0.0005366805623374581 -5.463226756971282e-9 0.01296994964176704 -9.125830307753132e-8 0.16006407367309633 -7.384810455906377e-7 1.1828745056999672 -2.411328372461858e-6 4.944434480061226 0.000017597138475699912 -1.0315360707768222 -0.0032860525251795733 -0.05302526107625506 -0.05124657372836647 -0.0027238418034063925 -0.002725780468238379 0.00011016693896352575 0.00011467509860061482 3.7769690388049677e-6 0.000010920251452753785 5.103546934692557e-7 8.229126556825138e-6 5.414211269133786e-7
2.635054140689525e-9 8.33144038313814e-6 1.8218801087204485e-7 0.000309330428190961 4.404063082976707e-6 0.005242044077077644 0.00005437375662283093 0.04300427053016113 0.0004086614169612402 0.14579682525407434 0.003283042253600941 -1.0315360707768222 -0.03950685144114684 6.203589198465781 -0.6104489441709313 0.6276271682856713 -0.03257945792686395 0.032380961034139816 0.0013172123153382125 -0.0013352610093095786 0.00004394232134451319 -0.00008488213664061602 3.6404911745785774e-6 -0.000044693245360889755 3.086540767471195e-6
-8.284353080813614e-7 2.6547050916607604e-8 -0.00005724965896410968 9.852949877813951e-7 -0.0013835524879849393 0.000016694036655862512 -0.017079189763068693 0.00013693738615577764 -0.1283503308165519 0.0004642265801824178 -1.0304433356835234 -0.0032860525251797675 6.203589198465781 0.03950362761796679 0.6276355724152443 0.6104476158326902 0.032372963831062126 0.032587878593806074 -0.0013088583182477194 -0.0013437974937037813 -0.00004366357152813463 -0.00008542276466947264 -3.617286182989285e-6 -0.00004497661904609082 -3.0668098041174326e-6
4.080497306954219e-8 4.2448986612201314e-7 2.819867166649039e-6 0.00001576047603071092 0.00006814782444728045 0.00026708358185654823 0.000841249829129543 0.002191119360660088 0.006322967997455167 0.007430667535385456 0.051194234700305354 -0.05302526107625528 -0.6104489441709309 0.6276355724152443 -7.311520938926745 0.24959361421220194 -0.7623515454498625 0.013008142688569464 0.030887055472803963 -0.0005305194601862192 0.0010125898620622993 -0.00002398312517033958 0.000052173249858806805 -7.017709679300356e-6 0.000029365900696662627
-4.223350438030893e-8 4.103268136402623e-7 -2.918181252510427e-6 0.000015233186847320688 -0.00007051914945515883 0.00025813591617091425 -0.0008704933813408731 0.002117662544668286 -0.006542642620218665 0.007181472212252435 -0.052971882675189035 -0.0512465737283663 0.6276271682856711 0.6104476158326902 0.24959361421220194 7.311466334379341 0.013010007169995688 0.7622431384419057 -0.0005270449476311164 -0.03109070903307066 -0.000017278445737220327 -0.001405510636620158 -8.902614247833714e-7 -0.0004112646607690451 -5.010847936019147e-7
2.169136324781507e-9 2.1806966346008244e-8 1.49887889722178e-7 8.096066969731674e-7 3.6222033062231823e-6 0.000013719573405400666 0.000044713350990640066 0.00011255213570647209 0.0003360692898728971 0.00038169233940112324 0.0027210803390156474 -0.0027238418034060594 -0.03257945792686398 0.03237296383106193 -0.7623515454498623 0.013010007169995674 -8.376159170557514 0.000033632383508456375 0.6759920925810534 -1.3541553912043414e-6 0.021974055657992497 -4.890254139590889e-8 0.0007903785223145958 -6.326426055960803e-9 0.0002278588727489971
-2.2032150905524103e-9 2.2041434042036503e-8 -1.510131714175697e-7 8.139226180341497e-7 -3.636225661184713e-6 0.000013758749397832 -0.00004480994452152023 0.0001127411572083351 -0.0003365025530041281 0.0003821381810312512 -0.002723028894633813 -0.0027257804682383237 0.032380961034139705 0.03258787859380585 0.01300814268856945 0.7622431384419046 0.000033632383508456375 8.375277979404872 -1.3573370121507354e-6 -0.6744195190362046 -4.41183738847473e-8 -0.02435666767255823 -1.586811497287191e-9 -0.003150534465773014 -4.5740607850974405e-10
-8.889642298934188e-11 -8.899006232301636e-10 -6.099268510928875e-9 -3.288117108325656e-8 -1.4691828311257948e-7 -5.559639746319224e-7 -1.8107917101982261e-6 -4.556146133241769e-6 -0.000013599378169035286 -0.000015443939065504808 -0.00011005602242081739 0.00011016693896352663 0.0013172123153382263 -0.001308858318247605 0.030887055472804074 -0.0005270449476311268 0.675992092581053 -1.3573370121507324e-6 -9.411920454486777 3.1616060623797767e-9 -0.6067071320240173 9.922797376582968e-11 -0.017664538664291084 5.110893675976508e-12 -0.002050836304313397
1.7813403907395382e-10 -1.48783911300361e-9 8.887936832809463e-9 -4.330143765362366e-8 1.7985459980824722e-7 -6.461600626646337e-7 2.0286205693026117e-6 -4.979820798520183e-6 0.000014562193054231456 -0.000016442741804982867 0.00011457767656533168 0.00011467509860068248 -0.0013352610093095786 -0.0013437974937038303 -0.0005305194601862192 -0.031090709033070714 -1.3541553912043426e-6 -0.6744195190362046 3.1616060623797767e-9 9.401282909993864 1.0197992468239035e-10 0.5903083069521071 2.9677898342057776e-12 0.030333319251391044 3.436467868503974e-13
-6.628505752735908e-12 -5.437111099960884e-11 -3.1848870782517776e-10 -1.5227515002547785e-9 -6.221227848925237e-9 -2.2048769887912352e-8 -6.84825735103883e-8 -1.6680457550721732e-7 -4.844425098023973e-7 -5.459210177541675e-7 -3.7740115099127453e-6 3.7769690388049677e-6 0.000043942321344471554 -0.00004366357152813289 0.0010125898620622993 -0.000017278445737216864 0.021974055657992025 -4.411837388474709e-8 -0.6067071320240173 1.0197992468239025e-10 -10.428703649769082 2.617016999008119e-13 -0.5402673361406943 5.771080889825261e-15 -0.023450206545529994
1.877761352597891e-10 -1.2395068875595938e-9 5.706920158803762e-9 -2.112719798784876e-8 6.65095865760874e-8 -1.8267837486256972e-7 4.462362578481127e-7 -8.845973561389059e-7 2.0764028161413353e-6 -2.184526196543225e-6 0.000010941774220367276 0.000010920251452753568 -0.00008488213664060128 -0.00008542276466952728 -0.000023983125170336868 -0.0014055106366201026 -4.890254139590926e-8 -0.024356667672558202 9.922797376582968e-11 0.5903083069521075 2.6170169990081184e-13 10.362618382227728 6.7796623848512845e-15 0.4475272039645448 2.864237706035559e-16
-8.916470297203326e-12 -5.995934090537199e-11 -2.8039698306781615e-10 -1.050411544762271e-9 -3.331218543622255e-9 -9.170605586570832e-9 -2.233300096040608e-8 -4.3939643974516253e-8 -1.0173270473937018e-7 -1.0639316461760954e-7 -5.115979218016396e-7 5.10354693465788e-7 3.640491174571503e-6 -3.617286182987415e-6 0.000052173249858806805 -8.902614247838119e-7 0.000790378522314599 -1.5868114972867674e-9 -0.017664538664290946 2.967789834205755e-12 -0.5402673361406927 6.7796623848512845e-15 -11.394863514890538 -4.2488729156967363e-19 -0.4206681956728208
2.625407975875373e-10 -1.6840925499240906e-9 7.49829199053915e-9 -2.6685201950750535e-8 8.019947902727616e-8 -2.0871604171322235e-7 4.794084358184306e-7 -8.914319317580898e-7 1.9298202711929982e-6 -1.9700192139787253e-6 8.260579446822507e-6 8.229126556823403e-6 -0.00004469324536088455 -0.00004497661904608388 -7.017709679300356e-6 -0.0004112646607690035 -6.3264260559605916e-9 -0.003150534465772903 5.110893675976508e-12 0.030333319251390378 5.771080889825261e-15 0.4475272039645448 -4.248872915696737e-19 11.280586218599105 -2.4409722219808416e-20
-1.3838549197928473e-11 -9.118607439177371e-11 -4.1676917052323224e-10 -1.5212399506895094e-9 -4.684058735218761e-9 -1.2472118187303048e-8 -2.9263627309632858e-8 -5.541935310526989e-8 -1.2230652727571766e-7 -1.2564654716598935e-7 -5.433453529437181e-7 5.41421126913541e-7 3.0865407674720555e-6 -3.066809804118626e-6 0.000029365900696662518 -5.010847936020231e-7 0.00022785887274902658 -4.5740607850993265e-10 -0.002050836304313409 3.436467868503837e-13 -0.023450206545530535 2.864237706035606e-16 -0.4206681956728194 -2.4409722219808416e-20 -12.308060627466775