2.2303049677728457 3.1238171536323693e-15 3.173305485205133 7.617345352658199e-16 0.1648896960209748 -1.211981758704651e-15 0.011321353140766778 4.1982895208722553e-16 0.0010804694087025617 4.919444405526726e-16 -0.00014725817053890314 1.0841354421711286e-15 0.00003939125496012523 -2.16917249797505e-16 0.000010872049000294706 1.4194768712500697e-16 1.5369025284187076e-6 -3.298074399032177e-15 -2.280105181748526e-7 -7.698007982199096e-13 -1.4199025922801534e-7 -3.9597263606692783e-10 -1.6802838536848037e-7 1.204849710919212e-7 1.2384052094930795e-7
3.4709795098253954e-15 6.557288824811406 1.9879436934898913e-15 5.410375229675797 5.725656922611266e-15 -0.3815342740838596 3.918119920302413e-15 -0.032968652552060065 -1.2282803062915336e-15 -0.0038696560883598563 1.135513628485157e-15 -0.0006382162303334961 -5.2191205594494597e-17 -0.0001172398826842755 1.3794770108654063e-15 -0.000016289320521656972 -3.2103226327295786e-16 2.1581240474409444e-6 -3.1344410167432127e-14 1.0222809102156393e-6 -5.542487238748787e-12 1.1320484527854735e-6 -2.6677647552793195e-9 -8.133730825439193e-7 7.91334141573717e-7
3.1733054852051334 2.20997518263913e-15 10.606612921577973 -1.2100106139401529e-14 7.521603268323179 -7.523399206494985e-15 0.6860659875006546 4.494976422732234e-15 0.07337457795787562 4.4168823143359926e-15 -0.010592924294423668 2.010196378115798e-15 0.002914349063335601 -1.9848980450801537e-15 0.0008274141421774448 4.375812863097184e-15 0.00011883079062412755 -2.1211042633677984e-13 -0.000014615198356274597 -2.850176152491453e-11 -5.257066457347459e-6 -1.2586863772719344e-8 -5.341152933626607e-6 3.6277009178629257e-6 3.728733695535901e-6
7.634692586383992e-16 5.410375229675797 -1.2100109630103714e-14 14.354777758946387 -3.4480833304799386e-14 -9.529478483537133 2.2003358565440725e-14 -1.0923319870188837 -8.238956917286334e-15 -0.14352092319793316 2.1774557390453683e-15 -0.02512685884423648 2.926456481116245e-15 -0.004813712659910143 8.600989386854663e-15 -0.0006869970023506913 1.8017962881249072e-14 0.0000807177336204663 -1.1709143854163329e-12 0.000022369444050386578 -1.2127946097482273e-10 0.000020374351433743304 -4.80138254148766e-8 -0.000013764691149405217 0.00001339172673464617
0.1648896960209748 5.725656922611266e-15 7.521603268323178 -3.4480806199745073e-14 17.771686022421594 2.8559755472015724e-14 11.428674478219984 5.0573026228763456e-14 1.6176710384543604 1.081545538349736e-14 -0.26021362997924585 -1.2177216700270943e-15 0.07503044039485358 1.0162714853684252e-14 0.022274578351896054 9.76552280880505e-14 0.0033203048715999555 -5.534435865324483e-12 -0.0003811438931974172 -4.5348789263696676e-10 -0.00008364433870705341 -1.5700963422893982e-7 -0.00006662600669286823 0.00004217494701544509 0.00004334953448602557
-1.035067122148888e-15 -0.38153427408385976 -7.079717419492551e-15 -9.529478483537131 3.033263608820044e-14 20.817354704481467 -6.274045715739477e-14 13.202482151938234 1.6652295048522753e-15 2.2889971176264137 1.1046237980306267e-14 0.4484388248506178 -8.067209552285737e-15 0.09207567350035241 -7.987371614809335e-14 0.013805851205044961 -3.947973675408334e-13 -0.0015731663345578903 2.283427743762778e-11 -0.00028329999548920137 1.5359509315457376e-9 -0.000192770410663479 4.5427923875580867e-7 0.0001201036861974822 -0.00011684938862207422
0.011321353140766757 3.890161467061027e-15 0.6860659875006546 2.1888982012507083e-14 11.428674478219982 -6.228249015973689e-14 23.43509714514823 -7.798706884269702e-15 14.811421878175105 -1.658249275740542e-14 -3.11071004649451 -9.849814106704935e-15 0.982883610702356 2.5557919496044246e-13 0.31512791410669655 1.4309356650976657e-12 0.05005092643865166 -8.332626862811443e-11 -0.005739300218081054 -4.780184062816439e-9 -0.0008816875521667523 -1.1852947160474747e-6 -0.0005029720254378332 0.0002900374607953504 0.00029811510858275547
3.6431759240645333e-16 -0.032968652552060065 4.495084842949483e-15 -1.0923319870188837 5.146120549549653e-14 13.20248215193823 -9.35301911874492e-15 25.549749603264708 3.251071016129731e-14 16.253209525996972 7.707154142319594e-14 4.1865469574891385 -8.545090633346741e-14 0.9790273099412796 -8.162854073234804e-13 0.1594825298449669 -4.517246819657483e-12 -0.01859848367078193 2.700161309820981e-10 -0.0025313525160019675 1.3724069040932374e-8 -0.0011972359056890772 2.8213843318997123e-6 0.0006702314808950725 -0.0006520710667369672
0.001080469408702541 -1.1797063548982885e-15 0.07337457795787568 -8.460541159804533e-15 1.6176710384543602 1.6930935006851527e-15 14.811421878175105 2.895147771693474e-14 26.92580175235821 1.4078928994853968e-13 -16.911481135535144 1.2468910452756443e-13 6.720402076297615 2.1350651281670796e-12 2.5148209000645476 1.2678176217195691e-11 0.44497477108102773 -7.746107297257332e-10 -0.053355133458671336 -3.60977963631548e-8 -0.006658103656232234 -6.143486031867651e-6 -0.0026069479363770576 0.0013315116438949637 0.0013685947229380158
3.9458308546347435e-16 -0.0038696560883598563 4.6356878652707234e-15 -0.14352092319793255 1.1245666805539609e-14 2.2889971176264137 -1.7518823306091058e-14 16.253209525996972 1.4056724534361464e-13 28.017155165787937 -1.066467877550159e-13 18.56199595278118 -1.4168223885779874e-13 5.837428053440494 -4.863475941419004e-12 1.1004208554516997 -3.129186666728234e-11 -0.13704060527384967 1.9895301309191815e-9 -0.016137184675678796 8.748992447182857e-8 -0.005266230209553871 0.000012410302204973744 0.002574963411722148 -0.0025051928871615836
-0.00014725817053896212 1.0244371159140171e-15 -0.01059292429442389 2.509655284694927e-15 -0.2602136299792463 1.0605618217408158e-14 -3.1107100464945106 7.719644151346627e-14 -16.911481135535144 -1.065913850240019e-13 24.133183313696605 -3.654741440040077e-13 -18.49003901428727 -8.26166132034123e-12 -9.749506605918736 -5.923603448032555e-11 -2.0797131948972396 3.9331475090720325e-9 0.27091778755118057 1.6750834996859254e-7 0.030896284100258395 0.000020384886183610895 0.008650192529686462 -0.0038394012544991267 -0.0039463299628222925
9.69426005289215e-16 -0.000638216230333609 2.003691165080885e-15 -0.025126858844235607 -1.2454840219063013e-15 0.44843882485061737 -8.281651189476213e-15 4.186546957489139 1.2446695150242215e-13 18.56199595278118 -3.633022702120847e-13 31.511516268692183 1.6012365045003918e-14 19.773680956738517 -1.631098207888204e-11 4.988756162936372 -1.418443903999922e-10 -0.6981566363992932 1.0135739345051853e-8 -0.07819890499904991 4.23965878265653e-7 -0.018455011835684598 0.00004349074479692572 0.007684140965008971 -0.007475933522726463
0.000039391254960071674 -5.1310291329350124e-17 0.0029143490633353826 3.1494209638219944e-15 0.07503044039485325 -7.790087476998442e-15 0.9828836107023551 -8.500681712361735e-14 6.720402076297615 -1.4124140225446613e-13 -18.49003901428727 2.0009601614523476e-14 22.526043019930817 1.5350762327948075e-11 18.481792493683685 1.447461490944324e-10 5.085610527926877 -1.0597454566663167e-8 -0.7299609466992802 -4.426751355479652e-7 -0.08164975963626384 -0.00004340019965670683 -0.018416589599426936 0.00725871427912211 0.007460872087202919
-3.070704074451284e-16 -0.00011723988268449778 -1.7689249723210412e-15 -0.004813712659910254 1.0162714853684252e-14 0.0920756735003524 2.560491966022149e-13 0.9790273099412783 2.135120205637442e-12 5.837428053440495 -8.263547832121354e-12 19.773680956738517 1.5351012128128616e-11 43.609671236188966 -8.333125856019308e-13 20.271919895126512 -5.60029994600697e-10 -3.6876605470067947 5.353390983287021e-8 -0.4244991081912063 2.3014786096342554e-6 -0.07432554832889449 0.00017515423355263238 0.024905165715046015 -0.02423034196089091
0.000010872049000135111 1.365816063492089e-15 0.0008274141421772852 8.254268308357376e-15 0.02227457835189583 -7.94287595765053e-14 0.3151279141066948 -8.1650766876884e-13 2.5148209000645485 -4.863920030628854e-12 -9.749506605918736 -1.6309177966467026e-11 18.481792493683685 -8.297598719231303e-13 42.80312226810825 5.572391159613943e-10 20.179054023578775 -5.343928372036899e-8 -3.6811526004030015 -2.298546321499728e-6 -0.42395826227855626 -0.00017462921438327061 -0.07410275989554771 0.02411961359663033 0.024791353525942528
2.0396405139117783e-16 -0.000016289320521601488 4.314989121220747e-15 -0.0006869970023511393 9.721021730635382e-14 0.013805851205044073 1.4292148194094967e-12 0.15948252984496714 1.2678176217195691e-11 1.1004208554516988 -5.923625652493048e-11 4.988756162936372 1.4474792198182485e-10 20.271919895126512 5.572363404038327e-10 59.99159610813505 -1.9884094371036554e-13 -20.499071520168737 2.970191456119764e-7 -2.8975868248685774 0.00001570957382845961 -0.39102105196020576 0.0009214730788431602 0.09395136076206453 -0.09140567964398905
1.5369025283636369e-6 -3.205714773496515e-16 0.00011883079062407889 1.7352249194815816e-14 0.0033203048716001636 -3.9468634523837087e-13 0.05005092643865299 -4.5183570426821085e-12 0.44497477108102995 -3.129186666728234e-11 -2.0797131948972387 -1.4184438693054524e-10 5.0856105279268755 -5.600282321216454e-10 20.179054023578768 -1.9884094371036554e-13 59.97737457799445 -2.970019333248253e-7 -20.497878895140023 -0.000015709118026174806 -2.8975027419227604 -0.0009214335574276866 -0.3910042813047525 0.09139926397053823 0.093944766409785
-3.277244164793299e-15 2.1581240474834993e-6 -2.1191612375494329e-13 0.00008071773362002915 -5.533754118998424e-12 -0.0015731663345585566 -8.332538044969473e-11 -0.018598483670782928 -7.746107297257332e-10 -0.1370406052738499 3.9331475090720325e-9 -0.6981566363992932 -1.0597455898930797e-8 -3.6876605470067974 -5.343928372036899e-8 -20.499071520168737 -2.970019342130037e-7 77.47446331006837 -1.7497114868092467e-12 20.068588567346612 -0.00010851319675886373 2.544541267368338 -0.005996382669287925 -0.38707630453947417 0.37658817688054746
-2.2801051816792768e-7 -3.1289390295310276e-14 -0.000014615198356470634 -1.1711372973829959e-12 -0.00038114389319786313 2.283430541004383e-11 -0.005739300218080541 2.700157996499142e-10 -0.05335513345867045 1.9895294647853667e-9 0.270917787551181 1.0135737124605804e-8 -0.7299609466992794 5.353390805651337e-8 -3.6811526004030046 2.9701914211477387e-7 -20.49787889514003 -1.7481571745747715e-12 77.47434746475908 0.00010851315496962499 20.068580875230683 0.005996380803990675 2.5445404758354826 -0.37658798286694706 -0.38707610512252444
-7.698133614125833e-13 1.0222809102225714e-6 -2.8501741575594555e-11 0.00002236944405035969 -4.5348800018982227e-10 -0.00028329999548897845 -4.780184298738832e-9 -0.002531352516000635 -3.60977963631548e-8 -0.016137184675678456 1.675083486363249e-7 -0.07819890499904991 -4.426751357977654e-7 -0.4244991081912058 -2.298546323276085e-6 -2.8975868248685757 -0.000015709118028173208 20.068588567346612 0.00010851315497006908 95.17452825759752 -2.504663143554353e-12 18.092123125702813 -0.04253747845354461 -1.7312944334981677 1.6843654684290428
-1.4199025922413847e-7 -5.542487231972523e-12 -5.257066457339625e-6 -1.212794627095462e-10 -0.00008364433870705688 1.5359509315457376e-9 -0.0008816875521667385 1.3724068628068187e-8 -0.006658103656232615 8.748992413876167e-8 0.030896284100257507 4.23965878265653e-7 -0.08164975963626295 2.30147860696972e-6 -0.42395826227855576 0.000015709573824684853 -2.897502741922758 -0.00010851319675886373 20.068580875230683 -2.504663143554353e-12 95.1745277848944 0.04253747838858146 18.092123098201412 -1.684365465152096 -1.731294430129985
-3.9597263518601356e-10 1.1320484527859614e-6 -1.2586863769033056e-8 0.00002037435143375805 -1.5700963425496067e-7 -0.00019277041066350677 -1.185294715769919e-6 -0.0011972359056892992 -6.143486031645606e-6 -0.005266230209553635 0.000020384886183610895 -0.018455011835685542 -0.00004340019965670683 -0.07432554832889449 -0.00017462921438426982 -0.3910210519602084 -0.0009214335574259103 2.544541267368343 0.00599638080399334 18.09212312570282 0.04253747838858146 112.74026970532293 -1.637801005927031e-12 -9.672014409656349 9.365678226432387
-1.6802838536870907e-7 -2.6677647552793195e-9 -5.341152933635443e-6 -4.801382542940491e-8 -0.00006662600669281446 4.5427923875580867e-7 -0.0005029720254378332 2.8213843317609344e-6 -0.0026069479363770576 0.000012410302204571289 0.008650192529686684 0.00004349074479692572 -0.018416589599426936 0.00017515423355107806 -0.07410275989554582 0.0009214730788447145 -0.3910042813047532 -0.005996382669293254 2.5445404758354817 -0.04253747845355349 18.092123098201405 -1.637801005927031e-12 112.74026970463458 -9.365678226407331 -9.67201440963077
1.2048497109188567e-7 -8.133730825435937e-7 3.627700917863822e-6 -0.000013764691149405705 0.00004217494701544174 0.00012010368619748155 0.00029003746079537185 0.0006702314808951693 0.0013315116438948477 0.0025749634117223645 -0.0038394012544992386 0.007684140965008978 0.007258714279122109 0.0249051657150467 0.024119613596629886 0.093951360762063 0.0913992639705365 -0.3870763045394705 -0.3765879828669471 -1.7312944334981717 -1.684365465152093 -9.672014409656349 -9.365678226407335 134.20162905670307 -6.017408793468348e-14
1.23840520949064e-7 7.913341415738255e-7 3.7287336955341664e-6 0.000013391726734645736 0.00004334953448600128 -0.00011684938862206035 0.0002981151085827069 -0.0006520710667369256 0.0013685947229378492 -0.002505192887161667 -0.0039463299628220705 -0.007475933522726019 0.007460872087202919 -0.02423034196089091 0.024791353525942084 -0.09140567964398905 0.09394476640978322 0.37658817688054746 -0.3870761051225191 1.6843654684290428 -1.7312944301299815 9.365678226432387 -9.67201440963077 -6.017408793468348e-14 134.20162905670293