6.798745065835081e-16 1.2360403145404868 -2.7731438522105437e-16 0.03381009542131697 1.9332329872957954e-15 -0.0019734198435062762 9.186639667905647e-15 -0.00021681152232678124 -2.994406185558318e-14 -0.00006126929585370847 8.928209613371871e-12 -9.951733638325983e-6 3.0344720303169693e-9 -8.38608128686899e-7 -3.428213162590494e-8 3.477149998479281e-8 -1.4958355439253888e-9 1.5006923465332534e-9 -5.0500525226242434e-11 6.565330235780792e-11 -1.8939573883822086e-12 3.87214860351532e-11 -1.5257194472908088e-12 6.103069827911811e-11 -2.7107399507220545e-12
1.2360403145404868 -1.0597502592403978e-15 1.7075149165220336 -6.033180722526295e-16 0.07218423126860353 -3.010706635647988e-14 0.005727207181375008 -1.1518504287856987e-13 0.0007515453920289154 -8.587303385450717e-13 -0.0000957784392439272 -8.724313023436645e-11 -8.027728622861123e-6 -2.905262815788457e-8 3.3283102330944856e-7 3.2816975889082564e-7 1.431855239574039e-8 1.4351526533036981e-8 4.830083756866055e-10 5.833440240943251e-10 1.6603834452136014e-11 2.5497936398890513e-10 1.0169430099389243e-11 3.8773866060281446e-10 1.764387771710028e-11
-2.775176731800942e-16 1.7075149165220338 -5.5194341251540515e-14 2.0355348426411277 -1.2218455585778653e-14 -0.1231138659089572 2.1225515463728738e-13 -0.01352794203781929 -2.6722139706502302e-12 -0.003822903864379258 5.594058639423929e-10 -0.0006209395360990014 1.8934405930994434e-7 -0.000052325040606241376 -2.1390375152773156e-6 2.16953088975413e-6 -9.333180091204239e-8 9.348723618507676e-8 -3.1465959615310965e-9 3.607235189140094e-9 -1.0151696229257641e-10 1.1701437777402449e-9 -4.7039641017064535e-11 1.7045924673424381e-9 -7.9400360222044e-11
0.03381009542131689 -4.506624055394393e-16 2.035534842641128 -5.652869451354976e-13 2.276138026661752 2.172188923146689e-13 0.1901225174797418 -1.9921086487949385e-12 0.024958327637374784 -2.53139323775354e-11 -0.00318076098018899 -2.8881832904119982e-9 -0.00026659742769872093 -9.647960601709524e-7 0.000011053174996936335 0.000010898232398592957 4.755093562394844e-7 4.7609165582710183e-7 1.6025083582944353e-8 1.7710664870742238e-8 4.939052379941192e-10 4.309539129551663e-9 1.7375187137556716e-10 5.9644565001723725e-9 2.840989867930897e-10
1.9748646566565754e-15 0.07218423126860342 -1.2218482684164226e-14 2.2761380266617524 -4.206874875556771e-12 -2.4449362682550224 -2.9591961214816155e-12 -0.2883561779959724 -6.967137901015362e-11 -0.08159507018435827 1.19716113787651e-8 -0.013254482649729638 4.04180827470809e-6 -0.0011169243068367594 -0.000045659653774774766 0.00004631012485434843 -1.9922390640957774e-6 1.9940726012443022e-6 -6.712186256643597e-8 7.230334125645879e-8 -2.0021257679984537e-9 1.3445378293580581e-8 -5.407081011303468e-10 1.752189528963588e-8 -8.523740673108669e-10
-0.0019734198435062485 -2.999646375879123e-14 -0.12311386590895693 2.1713562214716425e-13 -2.4449362682550224 -2.2856259012971773e-11 -2.527748837658863 -9.592684287960378e-13 -0.36411077250631585 3.2982937273518434e-10 0.04648373347518719 4.2118939801854094e-8 0.00389615056263912 0.000014099631240461818 -0.00016153508592250352 -0.00015926960928205642 -6.949238137844986e-6 -6.95413027974401e-6 -2.340860144265088e-7 -2.476767975850632e-7 -6.821666075747158e-9 -3.6123493238033146e-8 -1.4410552228700307e-9 -4.3953152739650576e-8 -2.180211931105881e-9
9.110416868715413e-15 0.005727207181374974 2.1225688938764672e-13 0.190122517479742 -2.9591961079290883e-12 -2.527748837658863 -1.0873149389080957e-10 -2.5744375965849766 -8.729670629745476e-10 -0.8545601403563984 1.2726995535825684e-7 -0.14064137638200627 0.00004289728161100666 -0.01185418922359457 -0.00048459766503035904 0.0004914987965935375 -0.0000211440845881784 0.000021155733520532404 -7.121426835192188e-7 7.439509940288049e-7 -2.0407591383031417e-8 8.742944940492558e-8 -3.442159393689365e-9 9.851609901034147e-8 -4.9750128729564266e-9
-0.00021681152232690105 -1.1519585779513783e-13 -0.013527942037819318 -1.992219671097388e-12 -0.28835617799597246 -9.592675614408655e-13 -2.5744375965849766 -1.2708203643415583e-10 -1.9321406616010801 1.5429642957391219e-9 0.2687831570583981 2.431541499524376e-7 0.022555213506081563 0.00008162336720550383 -0.000935149434919956 -0.0009220310111148657 -0.0000402300432444741 -0.00004024839324925037 -1.3548520987806002e-6 -1.4047225343588142e-6 -3.843719955626568e-8 -1.4172691385384178e-7 -5.504274222398994e-9 -1.494554543399071e-7 -7.647193537740949e-9
-2.9918027450864674e-14 0.0007515453920290473 -2.6722313177791173e-12 0.02495832763737486 -6.96715030157771e-11 -0.36411077250631574 -8.729672816581257e-10 -1.9321406616010806 -7.4169575312052075e-9 -3.646492332998758 9.348612745177452e-7 -1.030203547255814 0.000318185879572239 -0.0879262512749992 -0.0035946760214379666 0.003645856356528762 -0.0001568435533356713 0.00015689783198065017 -5.281594367476925e-6 5.427859208544991e-6 -1.4807276541393275e-7 4.43535693682971e-7 -1.6776017076859058e-8 4.1729479777219153e-7 -2.176231574122057e-8
-0.00006126929585365491 -8.587589056047206e-13 -0.0038229038643793826 -2.531396662498659e-11 -0.08159507018435827 3.2982952533833397e-10 -0.8545601403563984 1.5429646287009964e-9 -3.646492332998758 6.2086831078246714e-9 1.0567330460641713 9.558123304529596e-7 0.09007035328314154 0.00032594681017670456 -0.003734696591817888 -0.003682298664127502 -0.00016066618517042417 -0.0001607197103631724 -5.4102599128985494e-6 -5.555202318518686e-6 -1.5150015388221555e-7 -4.4346087101350775e-7 -1.6713332433728477e-8 -4.1115877071182163e-7 -2.148929721994553e-8
8.928209614205668e-12 -0.00009577843924392363 5.594058396558408e-10 -0.0031807609801888354 1.1971611501927106e-8 0.04648373347518705 1.2726995546927915e-7 0.26878315705839795 9.348612745315964e-7 1.0567330460641713 -9.312595421693182e-6 5.139086235933332 -0.0031085513520747784 0.8587809908732531 0.035308024932900785 -0.035810574058476236 0.0015405892861729273 -0.0015408847271971026 0.000051871306276920985 -0.00005270323479676146 1.4319407076257866e-6 -3.0435813938264108e-6 1.0727906031788338e-7 -2.1686573706926945e-6 1.170903076256252e-7
-9.951733638283482e-6 -8.72430296171234e-11 -0.0006209395360988834 -2.8881833450566347e-9 -0.013254482649729709 4.211893977757474e-8 -0.14064137638200627 2.4315414989736033e-7 -1.030203547255814 9.558123303557884e-7 5.139086235933333 9.29324309818824e-6 0.858906677196716 0.0031089579953789814 -0.035815599344389895 -0.035313081459724435 -0.0015408060616776196 -0.0015411044251393145 -0.00005187855664624731 -0.00005271018960668512 -1.432118598826792e-6 -3.0427549773217374e-6 -1.0723799973548157e-7 -2.1671601411323103e-6 -1.170141385072263e-7
3.034472038611115e-9 -8.027728622853954e-6 1.8934405929346278e-7 -0.0002665974276987538 4.041808274763594e-6 0.003896150562639335 0.00004289728161106304 0.022555213506081646 0.0003181858795721834 0.09007035328314197 -0.0031085513520746674 0.858906677196716 -0.04558105792091251 6.297716584329619 0.5152937313282366 -0.5188584085702035 0.022547171609183337 -0.02238612507434433 0.0007590848067927651 -0.0007594972027821354 0.000020725659480582874 -0.00003179266993298766 1.008017027567831e-6 -0.000014252220621022507 8.049188799692604e-7
-8.386081286905854e-7 -2.9052628178687698e-8 -0.00005232504060628301 -9.647960601691092e-7 -0.00111692430683686 0.000014099631240628351 -0.01185418922359447 0.00008162336720544831 -0.08792625127499937 0.0003259468101766803 0.858780990873253 0.0031089579953790854 6.297716584329619 0.0455806457373806 -0.5188594368344679 -0.5152933090017995 -0.022384603974580385 -0.022548730363437845 -0.0007536111206667244 -0.0007650145098222212 -0.000020576207572799526 -0.000032023563495009715 -1.0007454651108259e-6 -0.000014355671389153224 -7.991102087096849e-7
-3.428213162617604e-8 3.3283102330942145e-7 -2.1390375152876706e-6 0.000011053174996940317 -0.000045659653774774766 -0.00016153508592250135 -0.00048459766503019164 -0.000935149434919956 -0.0035946760214378044 -0.0037346965918178326 0.03530802493290057 -0.03581559934438996 0.5152937313282369 -0.5188594368344679 -7.371767470013785 0.10419086643623345 -0.6377275851333292 0.004506611203338395 -0.021503702049339032 0.00015234824366974742 -0.0005831880270023669 5.036446757224948e-6 -0.00001966799830000163 1.1343739247901856e-6 -9.255257933579823e-6
3.477149998339012e-8 3.2816975888567573e-7 2.1695308897526187e-6 0.000010898232398589921 0.00004631012485437619 -0.00015926960928204427 0.0004914987965935963 -0.0009220310111148451 0.0036458563565286515 -0.0036822986641274606 -0.03581057405847626 -0.035313081459724435 -0.5188584085702034 -0.5152933090017991 0.10419086643623345 7.371757403939043 0.004506779493950388 0.6377038958269666 0.00015195672082707904 0.021559111367896688 4.121120130532765e-6 0.0007127176951525066 1.3898459073521628e-7 0.00016052735609919933 6.540254127317361e-8
-1.4958355439728226e-9 1.4318552395520162e-8 -9.333180090813926e-8 4.7550935624078547e-7 -1.9922390640979594e-6 -6.949238137841625e-6 -0.00002114408458816463 -0.0000402300432444741 -0.00015684355333567127 -0.00016066618517042417 0.0015405892861729794 -0.0015408060616776682 0.02254717160918312 -0.02238460397458033 -0.6377275851333292 0.004506779493950384 -8.41376082813511 6.6885332875181865e-6 -0.5658781723030197 2.2473577189941968e-7 -0.015304495111446569 6.46752591213216e-9 -0.0004055550606479034 6.135785375150109e-10 -0.00008760042845524818
1.5006923466416736e-9 1.4351526534771705e-8 9.348723618572728e-8 4.760916558231445e-7 1.994072601226955e-6 -6.954130279729916e-6 0.000021155733520490337 -0.00004024839324925037 0.00015689783198069175 -0.00016071971036311515 -0.0015408847271971026 -0.0015411044251392519 -0.022386125074344187 -0.022548730363438067 0.0045066112033383945 0.6377038958269656 6.6885332875181865e-6 8.41352501820491 2.249356359756906e-7 0.5653780658868222 6.08326665964319e-9 0.016271237853933626 1.6119981687102834e-10 0.00154360669241968 3.4818123933682926e-11
-5.050052523566482e-11 4.830083758087901e-10 -3.146595962261239e-9 1.602508358297157e-8 -6.712186256730333e-8 -2.3408601442303935e-7 -7.121426835088123e-7 -1.3548520987771307e-6 -5.2815943674751905e-6 -5.410259912877707e-6 0.00005187130627692184 -0.00005187855664623429 0.0007590848067927252 -0.0007536111206666135 -0.021503702049339032 0.00015195672082707554 -0.5658781723030197 2.2493563597569018e-7 -9.438646885031254 3.011812172075225e-10 -0.508523376163767 7.99308672288551e-12 -0.011873871469819703 3.1446662943466636e-13 -0.000988703454380159
6.565330237983243e-11 5.833440240405518e-10 3.6072351894111445e-9 1.7710664870742238e-8 7.230334125906087e-8 -2.476767975872316e-7 7.43950994029674e-7 -1.4047225343537185e-6 5.427859208538059e-6 -5.555202318518692e-6 -0.000052703234796796155 -0.00005271018960668425 -0.0007594972027822465 -0.0007650145098222212 0.00015234824366974742 0.021559111367896688 2.247357718994201e-7 0.5653780658868226 3.011812172075225e-10 9.434433754841926 8.1158710837453e-12 0.5008490240595639 1.894817002428533e-13 0.019689000346546193 1.5761705943349623e-14
-1.893957390919999e-12 1.660383444440022e-11 -1.0151696223847385e-10 4.939052380059743e-10 -2.0021257680128797e-9 -6.821666076397256e-9 -2.0407591383790356e-8 -3.8437199558001254e-8 -1.480727654166432e-7 -1.515001538822155e-7 1.4319407076327255e-6 -1.4321185988337173e-6 0.000020725659480582007 -0.000020576207572799743 -0.0005831880270023669 4.121120130532223e-6 -0.015304495111446222 6.083266659643136e-9 -0.508523376163767 8.115871083745304e-12 -10.452263227467903 1.241184368702334e-14 -0.45701370361529137 2.3721778886216e-16 -0.015027391011648702
3.872148604118831e-11 2.549793640159837e-10 1.1701437777264806e-9 4.309539129666436e-9 1.3445378293688154e-8 -3.61234932382466e-8 8.742944940361776e-8 -1.41726913854804e-7 4.4353569368469215e-7 -4.434608710134942e-7 -3.043581393829772e-6 -3.0427549773269415e-6 -0.00003179266993298723 -0.00003202356349500234 5.036446757226439e-6 0.0007127176951523921 6.467525912131942e-9 0.01627123785393339 7.99308672288551e-12 0.5008490240595651 1.2411843687023338e-14 10.412844505288032 2.713669859790873e-16 0.3944113404600529 8.813408504552619e-18
-1.5257194470660259e-12 1.0169430096877923e-11 -4.703964101616456e-11 1.7375187136164406e-10 -5.40708101157451e-10 -1.441055222707397e-9 -3.4421593934454194e-9 -5.504274222364688e-9 -1.677601707658123e-8 -1.671333243366749e-8 1.0727906031517369e-7 -1.0723799973451e-7 1.008017027573902e-6 -1.000745465103887e-6 -0.00001966799829997214 1.3898459073552878e-7 -0.0004055550606478617 1.6119981687103537e-10 -0.011873871469819814 1.894817002428549e-13 -0.4570137036152905 2.713669859790873e-16 -11.434004362814434 1.6926298555290569e-21 -0.3689051233956313
6.103069827906517e-11 3.87738660604985e-10 1.70459246733905e-9 5.964456500165596e-9 1.7521895289662986e-8 -4.395315273956926e-8 9.851609901061252e-8 -1.4945545433975803e-7 4.172947977724084e-7 -4.1115877071095427e-7 -2.168657370694429e-6 -2.1671601411333945e-6 -0.000014252220621029446 -0.000014355671389161898 1.134373924790294e-6 0.0001605273560992479 6.135785375149976e-10 0.00154360669241968 3.1446662943466636e-13 0.019689000346546193 2.372177888621604e-16 0.3944113404600542 1.6926298555290569e-21 11.333015420279681 -2.375803673876894e-22
-2.7107399507212516e-12 1.7643877717099865e-11 -7.940036022193812e-11 2.8409898679246684e-10 -8.523740673104566e-10 -2.1802119310982576e-9 -4.9750128729564266e-9 -7.647193537754715e-9 -2.1762315741288545e-8 -2.1489297219976237e-8 1.1709030762552015e-7 -1.170141385072227e-7 8.049188799696907e-7 -7.991102087096849e-7 -9.255257933583292e-6 6.540254127317361e-8 -0.00008760042845524027 3.481812393367587e-11 -0.0009887034543802015 1.5761705943349623e-14 -0.015027391011649035 8.813408504552619e-18 -0.3689051233956322 -2.375803673876894e-22 -12.35513289608354