1.3983903095178347 1.6681262201011154e-15 1.994379262741545 6.304230470213562e-16 0.1729517453091208 2.788515586475531e-16 -0.021904214940783866 1.1701288345253354e-16 0.0063018975205376805 -1.342448585729233e-15 -0.001447255565659641 2.4379767408927384e-14 -0.00015606601384484517 3.8579874223283657e-13 0.000011139704689936185 4.0095400767831247e-11 5.716878115105194e-7 5.747266467649e-10 2.2125802533858488e-8 4.790633689400943e-10 4.912742065043816e-10 4.89122713186904e-11 4.8912312648451315e-11 7.35034573839355e-11 7.350345740713693e-11
1.6603741480980519e-15 4.0555513686321 3.4624623112366083e-15 -3.3598140261915925 3.5822578427729845e-15 0.41156103423871976 -1.2313265476350779e-15 -0.0679757087135113 1.871173738611355e-15 0.011511539805687834 -1.1910634047308603e-14 -0.001268910867003116 -1.9699048286508552e-13 -0.00009276527248410314 3.2130403517334475e-12 -4.846302483661722e-6 3.398960599523951e-10 -1.900800213582618e-7 4.937405233275145e-9 4.237718757541988e-9 -4.132388383963512e-9 -3.422392258775343e-10 3.422389366999415e-10 -4.673359776104176e-10 4.673359774667809e-10
1.9943792627415453 3.684087211284576e-15 6.413109034587494 1.7363593321803971e-15 4.59563376487483 -5.458754615433502e-15 -0.7599650828019591 -1.5289508859690963e-15 0.23925374041592554 -5.960145732679781e-14 -0.059867890589172953 1.0795954755523088e-12 -0.006936546166922146 1.8067054131806617e-11 0.0005216408626439176 1.949965339935158e-9 0.000027802975811539386 2.8739250226476298e-8 1.1064024593861854e-6 2.420754648333007e-8 2.4824572199215603e-8 1.672483701472794e-9 1.6724851145737552e-9 2.0480977698999767e-9 2.048097770553311e-9
6.024506309713312e-16 -3.359814026191593 1.7363592792408506e-15 8.42206333115496 -2.6393819398669377e-15 -5.707346227769303 4.617892808245412e-15 1.2458330893284797 -1.934512555512253e-14 -0.2419530678139668 2.473885353353501e-13 0.02920919987438435 4.5403460166227605e-12 0.0022707044615863695 -7.864724904753325e-11 0.00012377061695636186 -8.68066835612574e-9 5.003150916816335e-6 -1.2995886338314094e-7 -1.1317478043198344e-7 1.1036177122752656e-7 6.542140059084463e-9 -6.5421345312101646e-9 7.105904983916806e-9 -7.1059049816888785e-9
0.17295174530912075 3.3602132376411517e-15 4.59563376487483 -2.7504042423294533e-15 9.958225426487672 -2.2476413508651912e-14 -6.423754959042686 1.3758309586742149e-14 2.5567866462621396 -7.70080121650553e-13 -0.7608471772671395 1.5407916855217448e-11 -0.0990492425642003 2.773689387079415e-10 0.008008274655009346 3.138612619892551e-8 0.0004475093467542246 4.778039175492892e-7 0.00001839447533728537 4.095976373234521e-7 4.2003786412079344e-7 2.1406646923977987e-8 2.140666501083975e-8 2.047570760790087e-8 2.0475707614333647e-8
2.788244534898434e-16 0.4115610342387196 -5.45918808619857e-15 -5.707346227769303 -2.2698458113473546e-14 11.223672705519096 4.0950318689087644e-14 -7.48767032918923 4.458100677947089e-14 1.9914808063848983 -2.0161128400344963e-12 -0.28028309702289256 -4.357914483308238e-11 -0.023731665762116147 8.219565612408932e-10 -0.0013629841119502917 9.559306847969713e-8 -0.00005702079041993131 1.481138034026601e-6 1.315588219986664e-6 -1.2828886931626786e-6 -6.057282671186184e-8 6.057277553081768e-8 -5.086275115000119e-8 5.086275113418685e-8
-0.02190421494078381 -1.2347959945805692e-15 -0.759965082801959 4.425283445166613e-15 -6.423754959042686 4.0950318689087644e-14 9.579433444962962 -1.0487681511703833e-13 -8.022687172783034 3.5761302213465825e-12 3.510522543390626 -8.593638375432549e-11 0.5525228374732399 -1.6994221263201556e-9 -0.04906607446602294 -2.0289146541718777e-7 -0.002892865031297834 -3.1948210542925663e-6 -0.0001229940880279531 -2.7938337950010733e-6 -2.8650457743152592e-6 -1.2275679933945425e-7 -1.2275690306186386e-7 -9.19599931432096e-8 -9.195999317209694e-8
1.7425881110255856e-16 -0.06797570871351108 -1.6381842614646577e-15 1.2458330893284797 1.3765241757318806e-14 -7.48767032918923 -1.0487680156285036e-13 14.691423906639027 -1.8527630965616243e-15 -8.216805238008403 8.262164468801007e-12 1.557745018183729 2.422180388960687e-10 0.14927047693078033 -5.170041479428793e-9 0.009143554825170635 -6.412844091533113e-7 0.00039754234554834555 -0.000010326322799477036 -9.383802950653151e-6 9.150564379798672e-6 3.7287400253709643e-7 -3.7287368747803936e-7 2.408321039649552e-7 -2.408321038896281e-7
0.006301897520537502 1.6703932605395076e-15 0.23925374041592543 -1.9123080923726912e-14 2.55678664626214 4.4594884567272244e-14 -8.022687172783034 -1.854497823320474e-15 11.221937905070511 -7.880397867039105e-12 -7.817632762742341 2.4469119641672625e-10 -1.5734428432137677 5.318284731906121e-9 0.1535506098020952 6.653097778379898e-7 0.009486113120006204 0.000010764737668426679 0.00041442042290098163 9.566002818905285e-6 9.809830492586831e-6 3.8465362052845205e-7 3.846539455393906e-7 2.4103503591068343e-7 2.410350359859667e-7
-1.397959842852534e-15 0.01151153980568782 -5.985472692781903e-14 -0.24195306781396703 -7.6963603244069e-13 1.9914808063848985 3.5756861321366807e-12 -8.216805238008403 -7.880397975472453e-12 23.380372594568268 -2.3888253080164866e-13 -8.394310946019175 -1.2969280643911752e-9 -1.0549887405177836 3.653889050481616e-8 -0.07202055889051157 5.051171206312363e-6 -0.0033139652300157767 0.00008608158374600011 0.00008081073220036645 -0.00007880214572596338 -2.8662496878081653e-6 2.8662472659720165e-6 -1.341177940698276e-6 1.341177940274575e-6
-0.0014472555656596653 -1.2049411925335049e-14 -0.059867890589172926 2.4733996307719235e-13 -0.7608471772671395 -2.0163071557453177e-12 3.510522543390626 8.261720272864902e-12 -7.817632762742341 -2.3888253080123507e-13 23.203667165867614 -1.2945980359915915e-9 8.379648634130076 -3.651627281581646e-8 -1.0543360317002421 -5.049888321335142e-6 -0.07200226741977286 -0.00008607483613419842 -0.003313705460623345 -0.00007880366472066172 -0.00008081228991251741 -2.8656199077698954e-6 -2.8656223290763e-6 -1.3397000738715738e-6 -1.3397000742922062e-6
2.4348569498083258e-14 -0.0012689108670031143 1.0796583594900712e-12 0.029209199874384407 1.5408055633942507e-11 -0.2802830970228916 -8.593560659820826e-11 1.5577450181837285 2.446914327795753e-10 -8.394310946019175 -1.2945980360191201e-9 34.911945833355624 2.4360985786694516e-13 8.48453292610401 -2.92545766043668e-7 0.7635865748158494 -0.00005355412510734248 0.03925597754684023 -0.001019689847090664 -0.0010138076776886763 0.000988609039972493 0.000033075697004278496 -0.000033075669046736447 9.922982343327015e-6 -9.922982337128624e-6
-0.00015606601384483213 -1.969766084649943e-13 -0.006936546166922146 4.540193360953566e-12 -0.09904924256419996 -4.357958892226576e-11 0.552522837473239 2.422191491190925e-10 -1.5734428432137677 -1.29692850845328e-9 8.379648634130076 2.4627461164731104e-13 34.91027306744075 -2.925424448677111e-7 -8.484438367138642 -0.000053553886101504956 -0.7635831674625929 -0.0010196875247878855 -0.03925588814249808 -0.000988607823988001 -0.0010138064307093444 -0.000033075601397790086 -0.00003307562935533871 -9.922893722752492e-6 -9.922893728939695e-6
3.858022151212751e-13 -0.00009276527248412048 1.8067040254012244e-11 0.0022707044615864285 2.77368827685639e-10 -0.023731665762116244 -1.6994220152705363e-9 0.14927047693077966 5.318284289551635e-9 -1.0549887405177836 -3.6516273710933776e-8 8.48453292610401 -2.9254244664406795e-7 48.22449301576129 -1.7718987017109437e-13 8.521040849010207 -0.0005973291796378405 0.5800200589079518 -0.015066234915766735 -0.016755926295072228 0.016339451471583687 0.0005315190904254404 -0.0005315186045008538 0.00009152532206609631 -0.00009152531569733835
0.00001113970468994312 3.2130125959444192e-12 0.0005216408626439376 -7.864724893908636e-11 0.008008274655009513 8.219563257521814e-10 -0.04906607446602338 -5.170041477694493e-9 0.15355060980209564 3.6538890948908755e-8 -1.0543360317002435 -2.925457677922829e-7 -8.484438367138642 -1.7718987017109437e-13 48.224486415054834 0.0005973291605357907 8.521040575876604 0.015066234712776518 0.5800200510915584 0.016339451350622675 0.016755926171028102 0.0005315186007246879 0.0005315190866501899 0.00009152531300276274 0.00009152531937136124
4.0095401093306965e-11 -4.846302483653048e-6 1.949965346762244e-9 0.00012377061695630634 3.138612625359683e-8 -0.0013629841119501807 -2.028914653304516e-7 0.009143554825170413 6.653097778377764e-7 -0.07202055889051115 -5.0498883220012895e-6 0.7635865748158486 -0.000053553886100505756 8.521040849010204 0.000597329160535347 63.414720077068296 -1.0301226018027965e-12 8.535222358157156 -0.22110682224356276 -0.3269099815205128 0.3188292226135405 0.010987201109229832 -0.010985650757438174 0.0010353016624021303 -0.0010351564502286692
5.716878115091097e-7 3.3989605995153483e-10 0.000027802975811525617 -8.68066841163668e-9 0.0004475093467541977 9.559306847969713e-8 -0.0028928650312978095 -6.412844089310498e-7 0.009486113120006204 5.051171205673117e-6 -0.07200226741977264 -0.00005355412510645777 -0.7635831674625919 -0.0005973291796382847 8.521040575876603 -1.0301226018027965e-12 63.41472006372443 0.22110682223247083 8.535222357733932 0.3188292226066943 0.32690998151348283 0.010985650757272484 0.010987201109073606 0.0010351564501792966 0.0010353016623517453
5.747266467649132e-10 -1.9008002135869544e-7 2.8739250227357424e-8 5.0031509168198034e-6 4.778039175355199e-7 -0.00005702079041993825 -3.1948210542856206e-6 0.0003975423455482614 0.000010764737668426679 -0.0033139652300157177 -0.00008607483613414643 0.03925597754683934 -0.0010196875247878855 0.5800200589079535 0.01506623471277652 8.535222358157158 0.2211068222324726 80.54018979032712 -2.802948845248565e-13 -5.960465638092659 6.122215458614019 0.2708883445081528 -0.25717155241624345 0.015108489801912098 -0.014343463430740222
2.2125802533370587e-8 4.937405233275145e-9 1.106402459385535e-6 -1.2995886337793677e-7 0.000018394475337293934 1.4811380340127233e-6 -0.0001229940880278907 -0.000010326322799504804 0.000414420422900927 0.00008608158374594124 -0.0033137054606234007 -0.001019689847090664 -0.0392558881424983 -0.015066234915765846 0.5800200510915584 -0.22110682224356099 8.535222357733936 -2.856794661942885e-13 80.54018979031169 6.122215458613772 5.960465638092352 0.2571715524162078 0.27088834450818017 0.014343463430742649 0.015108489801907599
4.790633689112423e-10 4.237718757433144e-9 2.420754648311323e-8 -1.1317478043111264e-7 4.0959763732171737e-7 1.315588219984035e-6 -2.7938337949967365e-6 -9.383802950651415e-6 9.566002818889673e-6 0.00008081073220033176 -0.00007880366472064784 -0.0010138076776885097 -0.0009886078239879454 -0.016755926295071784 0.016339451350622453 -0.3269099815205128 0.3188292226066934 -5.960465638092659 6.122215458613771 99.60173050608051 -1.0092621183233064e-14 -0.10675318982858523 8.482886826716657 -0.004766516894867904 0.3787725743896537
4.912742065108138e-10 -4.132388384016981e-9 2.482457219927447e-8 1.1036177122804838e-7 4.200378641218607e-7 -1.282888693162679e-6 -2.8650457743152868e-6 9.150564379795176e-6 9.809830492576938e-6 -0.00007880214572591534 -0.0000808122899124413 0.0009886090399724996 -0.001013806430709346 0.01633945147158369 0.016755926171027915 0.3188292226135405 0.3269099815134824 6.122215458614019 5.960465638092352 -9.981598880770548e-15 99.60173050608073 8.482886826716777 0.10675318982858316 0.37877257438969464 0.004766516894867401
4.891227132251611e-11 -3.422392258707564e-10 1.6724837014830113e-9 6.542140059030253e-9 2.1406646923639994e-8 -6.057282671099533e-8 -1.2275679934032164e-7 3.7287400253709643e-7 3.84653620529089e-7 -2.8662496878077316e-6 -2.8656199077698954e-6 0.000033075697004253804 -0.0000330756013977658 0.0005315190904254404 0.0005315186007246255 0.010987201109229891 0.010985650757272036 0.270888344508155 0.2571715524162078 -0.10675318982858523 8.482886826716792 120.2163237258272 -2.5199230180815435e-18 7.618420599941894 -3.2173971305220436e-6
4.8912312649304966e-11 3.4223893668300087e-10 1.672485114519651e-9 -6.542134531101956e-9 2.1406665010514488e-8 6.0572775529786e-8 -1.2275690306197228e-7 -3.728736874754373e-7 3.8465394553853e-7 2.866247265972884e-6 -2.865622329076327e-6 -0.00003307566904670869 -0.000033075629355276475 -0.0005315186045008555 0.0005315190866501916 -0.010985650757438396 0.010987201109073162 -0.25717155241624257 0.27088834450817934 8.482886826716657 0.1067531898285831 -2.520770051028798e-18 120.21632372582744 3.2173971305219085e-6 7.6184205999419845
7.350345738340631e-11 -4.673359776108411e-10 2.0480977698982843e-9 7.1059049838958154e-9 2.047570760788054e-8 -5.086275115000119e-8 -9.195999314317911e-8 2.408321039645211e-7 2.4103503591033107e-7 -1.3411779406966496e-6 -1.3397000738694054e-6 9.922982343327015e-6 -9.922893722752492e-6 0.00009152532206605468 0.00009152531300274886 0.001035301662402075 0.00103515645017913 0.015108489801911432 0.01434346343074226 -0.004766516894867889 0.3787725743896955 7.618420599941901 3.217397130521907e-6 141.31751314506639 -3.771943593241806e-22
7.350345740671341e-11 4.67335977466728e-10 2.048097770548017e-9 -7.105904981681255e-9 2.0475707614306542e-8 5.086275113412586e-8 -9.195999317204273e-8 -2.4083210388949256e-7 2.410350359858583e-7 1.341177940274033e-6 -1.3397000742913388e-6 -9.922982337126456e-6 -9.922893728934491e-6 -0.00009152531569732447 0.00009152531937135777 -0.0010351564502285304 0.0010353016623516065 -0.014343463430739556 0.015108489801906932 0.37877257438965195 0.004766516894867373 -3.2173971305220402e-6 7.6184205999419845 -3.738856368739685e-22 141.31751314506624