-1.252085905310657e-13 1.405831181022399 3.09775785312959e-13 0.029106484093344404 3.6751771688757285e-12 -0.001228959067102687 1.3559977190826621e-11 0.00008744575180328583 -3.1674469503700125e-11 0.000010167439125620379 3.947280791052148e-11 2.72876425442813e-6 -1.4087436690251836e-9 5.644897594993435e-7 3.8294129057557626e-8 -4.5691595141626585e-8 3.1348673381026736e-9 -4.0329119371883435e-9 2.2323340281164042e-10 1.926226337973226e-9 1.1054392164310203e-10 -2.6389808388577375e-9 -1.739356480928416e-10 3.0073184823770947e-9 -2.1514034712172272e-10
1.4058311810223987 -4.446327748795046e-12 1.9536317860977377 5.184212835283755e-12 0.061045162505861256 -5.450623000811941e-11 0.0033865415178126594 1.6686788533774472e-10 -0.0003056163790497192 3.172123699901673e-10 0.00004255443089320007 7.695783111239175e-10 6.2697513283142875e-6 1.8030033791725253e-8 -4.97077823441315e-7 -4.2350764684586886e-7 -3.4330045325249e-8 -4.057961680227916e-8 -2.2685122081638573e-9 1.3791637441902411e-8 -7.982214089846673e-10 -1.7473679891073752e-8 1.1829786614861452e-9 1.9427586301688665e-8 1.4355166440888176e-9
3.097003314128768e-13 1.9536317860977372 -7.59164260968391e-11 2.3467706458282644 4.7925164318224223e-11 -0.1017470096272233 4.998598904969334e-10 0.007240119123292445 -1.2776607458333921e-9 0.0008418174546197938 6.418203812594513e-10 0.00022592715577206526 -1.2241312829794142e-7 0.000046731319116718284 3.1719072203499855e-6 -3.7635307420429636e-6 2.587180125283418e-7 -2.892738070995106e-7 1.6265603758452886e-8 7.082357184802004e-8 4.100604765743884e-9 -8.086421413979467e-8 -5.6147239393259884e-9 8.744855116045582e-8 -6.672265808150849e-9
0.02910648409334446 5.18422676738755e-12 2.3467706458282644 -8.340653192316063e-10 2.651461669103963 -2.693596894849937e-10 0.15269373530202798 3.3015228079785463e-9 -0.013781544853996696 7.614198286432828e-9 0.0019189527898108708 2.484164584693881e-8 0.0002827069443312816 7.903232469314333e-7 -0.000022408046918277534 -0.000019023820818027456 -1.544864570190342e-6 -1.6652154784449864e-6 -9.396222379481374e-8 3.0238323720227224e-7 -1.735801249580137e-8 -3.0178641745982155e-7 2.1447109147698914e-8 3.162602983266909e-7 2.4906666348235473e-8
3.675097779813602e-12 0.061045162505861214 4.792510839964973e-11 2.651461669103963 -6.615016630834916e-9 -2.8914012685560215 7.245726034884598e-10 0.2162430620203619 -1.5662885585370076e-8 0.025150195234243375 -1.9156854363941725e-8 0.006749822431332147 -3.7340098635320502e-6 0.0013960785003968245 0.00009478074170040061 -0.00011219956335353437 7.719013409881863e-6 -8.125527047376195e-6 4.593776905083763e-7 1.1392652872897253e-6 6.429511878340681e-8 -9.622796194426128e-7 -6.98094254185175e-8 9.728485204433786e-7 -7.90324104911028e-8
-0.001228959067102687 -5.450622999500363e-11 -0.10174700962722322 -2.693594119293434e-10 -2.891401268556022 -4.020517070548743e-8 -3.075587916994462 1.886413354808639e-9 0.29597625705587693 -7.845760540503064e-8 -0.04123756773899639 -4.2185760729847175e-7 -0.006075124404055139 -0.00001675275027726095 0.0004814792020690504 0.0004081356761834102 0.00003316886084310661 0.00003436562189420188 1.9453200590671276e-6 -3.894426780585644e-6 2.1472109237175656e-7 2.7023993563656196e-6 -1.9945254295768426e-7 -2.621652928796927e-6 -2.1951517528034193e-7
1.3559984895229808e-11 0.0033865415178126732 4.998599183609259e-10 0.15269373530202798 7.245721524874479e-10 -3.075587916994462 -1.939498967946355e-7 3.204047285860562 5.363754078170195e-8 0.40422933717536774 -6.841240793623892e-7 0.10865682120780286 -0.00006074818235979091 0.02247600006482855 0.0015260750168705442 -0.0018046441960561052 0.00012419876076174356 -0.0001273558180295022 7.214033674060831e-6 0.000012199887948998681 6.551406479921488e-7 -6.8010665872199685e-6 -5.085678944897227e-7 6.2925514817116154e-6 -5.424555882839258e-7
0.00008744575180327109 1.6686770492480915e-10 0.00724011912329243 3.3015228630428876e-9 0.21624306202036167 1.8864134104282103e-9 3.204047285860562 -7.432976319756741e-7 -3.2587355047915088 4.401874918871646e-9 0.5023285652560225 4.18528628579661e-6 0.07416551537766272 0.0002029425964857917 -0.005877886172349663 -0.004978845865109952 -0.00040477968630519667 -0.0004120652407819991 -0.00002335500803356224 0.00003474986296322447 -1.8180735927422077e-6 -0.00001539737849324055 1.1609352825885503e-6 0.000013499917577371873 1.1963353775235917e-6
-3.167453435169533e-11 -0.00030561637904969493 -1.2776607701059683e-9 -0.013781544853996807 -1.5662885696392326e-8 0.29597625705587705 5.3637540778449344e-8 -3.2587355047915088 -2.5832040005732213e-6 -3.254576834461854 9.568874996227946e-6 -1.0155405817084089 0.0005791543340785259 -0.21287759287367805 -0.014460003212800446 0.017090369618305422 -0.0011764239052252168 0.0011918721349111392 -0.00006757398450784859 -0.00009137588370915998 -4.669290247690896e-6 0.00003215884067725612 2.4322937431476457e-6 -0.000026535959192460976 2.413414524460419e-6
0.000010167439125627968 3.172124263686786e-10 0.0008418174546199098 7.614198314188404e-9 0.025150195234243375 -7.845760540502386e-8 0.4042293371753677 4.4018752449454494e-9 -3.2545768344618544 -3.0308546843270466e-6 2.6773603238347956 0.000018103902803494292 0.4391488425121327 0.001195359933351983 -0.034874086073508455 -0.02952863785078747 -0.002401229952079904 -0.0024248607370231817 -0.00013752832967720065 0.00017481746076227975 -8.77958964091769e-6 -0.0000508423155479755 3.839738497448775e-6 0.00003961543642101023 3.6787494950414213e-6
3.9472725537414394e-11 0.00004255443089323216 6.418204783776947e-10 0.0019189527898110096 -1.9156854351798767e-8 -0.04123756773899637 -6.841240791403446e-7 0.5023285652560227 9.568874995881002e-6 2.6773603238347956 -0.00007748656763594276 4.143937995348204 -0.0038591994154469258 1.4073057911702973 0.09725157892320545 -0.11490237736692434 0.007911832902901619 -0.007965560794123014 0.00045190736889641784 0.0005390611840324286 0.00002654909797954657 -0.0001223748440903477 -9.167969294021551e-6 0.00008736435671535814 -8.332690226167289e-6
2.7287642544279394e-6 7.695783119980555e-10 0.0002259271557721073 2.4841645874694384e-8 0.006749822431332256 -4.218576073813048e-7 0.10865682120780294 4.1852862859084976e-6 -1.0155405817084089 0.000018103902803509904 4.143937995348204 0.00006286691996118006 1.4799552369840459 0.004028624414409314 -0.12040951276035203 -0.1019340316127894 -0.008291859408103862 -0.008342852981557902 -0.00047336520300568296 0.0005589366172540243 -0.0000274367038255928 -0.00012114133111761419 9.053751331233548e-6 0.00008490759713450022 8.138782625941537e-6
-1.4087436727114727e-9 6.2697513282585595e-6 -1.224131283292207e-7 0.00028270694433121915 -3.734009863438389e-6 -0.006075124404055021 -0.00006074818235980479 0.07416551537766272 0.0005791543340786649 0.4391488425121328 -0.0038591994154470923 1.4799552369840456 -0.032086099418024316 5.877120376119672 0.7886578957064416 -0.9264178395282215 0.06467937657367803 -0.06447910263573156 0.0036809087488799044 0.004011911913093351 0.00019318763805258648 -0.000573248387859826 -0.00004153715473896893 0.0003271114049474069 -0.00003301721785815942
5.64489759513001e-7 1.803003373621454e-8 0.000046731319116683535 7.903232468688819e-7 0.0013960785003969355 -0.000016752750277316466 0.022476000064828496 0.0002029425964857362 -0.21287759287367772 0.001195359933351872 1.4073057911702973 0.004028624414409314 5.877120376119672 0.03196581083067895 -0.9268818987184405 -0.7887949631612313 -0.06435528353458511 -0.06484815759175121 -0.003662144829704868 0.004034341969495155 -0.0001921486373533788 -0.0005756318317264586 0.00004125039528934377 0.0003281891755629457 0.000032772316056570845
3.8294129054189796e-8 -4.970778234577711e-7 3.171907220424484e-6 -0.000022408046918305724 0.00009478074170035204 0.0004814792020693366 0.001526075016870516 -0.0058778861723496395 -0.014460003212800557 -0.03487408607350845 0.0972515789232055 -0.12040951276035206 0.7886578957064421 -0.9268818987184404 -7.036373292025675 1.1781612910188972 -1.0515104816833214 0.0873419826189357 -0.059957169515809414 -0.005136069317021804 -0.0029044052167631006 0.0004494501396089985 0.0003557080392557233 -0.000172110904727258 0.00022074613590285875
-4.5691595136368205e-8 -4.2350764684548933e-7 -3.763530742042963e-6 -0.000019023820817916434 -0.0001121995633533687 0.00040813567618350736 -0.0018046441960561052 -0.004978845865109737 0.017090369618305658 -0.02952863785078775 -0.11490237736692403 -0.10193403161278942 -0.926417839528222 -0.7887949631612315 1.1781612910188972 7.0353316089742295 0.0874719446332279 1.049974203363143 0.004985306479472571 -0.061771411032358545 0.000241492404201392 0.005405122654172728 -0.000029573297782214363 -0.0020696483950184974 -0.000018351690813114355
3.134867335500627e-9 -3.433004533902377e-8 2.5871801251097466e-7 -1.5448645702007517e-6 7.719013409880196e-6 0.000033168860843162614 0.00012419876076168795 -0.0004047796863052036 -0.0011764239052253283 -0.002401229952080126 0.00791183290290193 -0.00829185940810389 0.06467937657367787 -0.06435528353458539 -1.0515104816833212 0.0874719446332279 -8.259021259762987 0.0006420404631354038 -0.9327071652628751 -0.000035853006788990354 -0.043108286183134066 2.0633599890869954e-6 0.0030353201481293467 -4.106525141751703e-7 0.0011953664996339395
-4.0329119341805295e-9 -4.0579616809434895e-8 -2.892738070994835e-7 -1.6652154784449322e-6 -8.125527047461197e-6 0.000034365621894315925 -0.00012735581802973727 -0.0004120652407821362 0.0011918721349110266 -0.0024248607370232337 -0.007965560794123236 -0.008342852981557958 -0.06447910263573178 -0.0648481575917512 0.08734198261893568 1.049974203363143 0.0006420404631354038 8.250679980091425 0.00003628708414257088 -0.9216741111234816 1.6764966923665525e-6 0.053028919219416326 -1.1794876272877077e-7 -0.010540447209196557 -4.6406154733788045e-8
2.2323340371324103e-10 -2.268512208977009e-9 1.6265603760621264e-8 -9.396222379481374e-8 4.593776905081595e-7 1.9453200590966145e-6 7.214033674060831e-6 -0.000023355008033554706 -0.00006757398450790762 -0.00013752832967720065 0.00045190736889641654 -0.00047336520300571066 0.003680908748879906 -0.003662144829704759 -0.05995716951580986 0.004985306479472592 -0.9327071652628749 0.00003628708414257087 -9.327039220924009 -2.3188804972899394e-7 -0.8312727088208511 9.695257119781051e-9 0.038282986038002516 -7.855798531780681e-10 0.007165318256878792
1.926226337532769e-9 1.3791637443691345e-8 7.082357184278876e-8 3.023832371952249e-7 1.1392652872758475e-6 -3.894426780526718e-6 0.000012199887948944905 0.000034749862963116915 -0.00009137588370915998 0.00017481746076216872 0.0005390611840322898 0.0005589366172540251 0.004011911913093129 0.004034341969495096 -0.005136069317021748 -0.06177141103235877 -0.000035853006788990354 -0.9216741111234822 -2.3188804972899394e-7 9.279402431981918 -1.036728073288501e-8 -0.7751793971347665 4.750769841684985e-10 0.06197527965667504 8.782779828587675e-11
1.1054392156178873e-10 -7.982214085780836e-10 4.100604764012549e-9 -1.735801249585558e-8 6.429511878342036e-8 2.147210923769438e-7 6.551406479922034e-7 -1.8180735927075132e-6 -4.669290247683957e-6 -8.779589640917473e-6 0.00002654909797954663 -0.000027436703825591964 0.00019318763805258645 -0.00019214863735324194 -0.0029044052167631006 0.000241492404201379 -0.04310828618313368 1.6764966923665385e-6 -0.8312727088208511 -1.036728073288501e-8 -10.342487997708302 6.31525874109886e-11 0.7164357005164208 -1.8288750565969012e-12 0.04971034437899044
-2.6389808388594316e-9 -1.7473679891026318e-8 -8.086421414019786e-8 -3.01786417463291e-7 -9.62279619440878e-7 2.7023993563647522e-6 -6.8010665872269074e-6 -0.00001539737849325486 0.00003215884067720061 -0.000050842315547976365 -0.0001223748440903078 -0.00012114133111753266 -0.0005732483878598607 -0.0005756318317264031 0.00044945013960900546 0.005405122654172506 2.0633599890869852e-6 0.053028919219416604 9.695257119781041e-9 -0.7751793971347669 6.31525874109886e-11 10.203611128879704 -2.17322884007231e-12 -0.5466155626285074 -1.3824830194300389e-13
-1.7393564809453565e-10 1.1829786615674605e-9 -5.614723939447961e-9 2.1447109147168654e-8 -6.980942541853116e-8 -1.9945254295899907e-7 -5.08567894497529e-7 1.160935282591906e-6 2.432293743148513e-6 3.839738497462666e-6 -9.167969294014604e-6 9.053751331233656e-6 -0.00004153715473897599 0.0000412503952894341 0.0003557080392560581 -0.00002957329778221447 0.003035320148129775 -1.1794876272879067e-7 0.038282986038002634 4.750769841685003e-10 0.7164357005164206 -2.1732288400723113e-12 -11.266092946451474 7.820540461580625e-15 -0.518728304495179
3.007318482378789e-9 1.9427586301763204e-8 8.744855116037451e-8 3.1626029832701615e-7 9.728485204448423e-7 -2.621652928796927e-6 6.292551481715085e-6 0.000013499917577375342 -0.000026535959192474853 0.000039615436421005026 0.00008736435671535814 0.0000849075971345141 0.00032711140494741386 0.00032818917556297345 -0.00017211090472726495 -0.0020696483950184974 -4.106525141751635e-7 -0.010540447209196224 -7.855798531780615e-10 0.06197527965667504 -1.8288750565969012e-12 -0.5466155626285074 7.820540461580625e-15 11.157751286635968 1.340609407769198e-16
-2.1514034712144293e-10 1.4355166440921824e-9 -6.6722658081707045e-9 2.4906666348357446e-8 -7.903241049124172e-8 -2.1951517528058587e-7 -5.424555882839326e-7 1.1963353775233783e-6 2.4134145244592784e-6 3.6787494950425597e-6 -8.332690226174255e-6 8.138782625943272e-6 -0.000033017217858166795 0.00003277231605658299 0.0002207461359029211 -0.00001835169081311392 0.0011953664996340505 -4.640615473379228e-8 0.007165318256879153 8.78277982858784e-11 0.049710344378990856 -1.3824830194300416e-13 -0.5187283044951789 1.3406094077691978e-16 -12.1956202124148