1.4690281675779913 -1.4802396125931038e-15 2.0946285832497766 -2.395473793885478e-16 0.17188804319118664 1.3409920258650532e-15 0.020255091665920707 5.883961415594729e-16 0.004903998996756628 -4.883775446531354e-16 -0.0013570434123937622 -1.0231778301827793e-14 -0.00016377892071393194 1.3823998118334473e-13 0.000012866988946709043 8.472402570557238e-12 7.250496799682048e-7 1.3370107220159939e-10 3.0811631927252244e-8 4.577834706440602e-11 1.0699954249458358e-9 1.1617053612112402e-10 1.1617126234750203e-10 1.7520377470801335e-10 1.752037752663951e-10
-1.6033507163392736e-15 4.268280381393475 -2.6372187878187043e-15 3.5347472166828218 8.572719760187494e-16 -0.40735700436650507 -2.0633842729066346e-15 -0.06329302160034135 3.016229105668524e-16 0.011217066583263895 3.2748923812936067e-15 -0.0013649946688688408 8.401218501989221e-14 0.00010978385227811233 -1.1798746998432991e-12 6.297689297447526e-6 -7.359015115052696e-11 2.7124254659300344e-7 -1.1770041649458964e-9 9.407224569599374e-9 -4.024757327284468e-10 8.04432263696925e-10 -8.044272350395451e-10 1.1229478557761183e-9 -1.1229478521821623e-9
2.0946285832497766 -2.638113241376112e-15 6.771125054141839 -6.977982378620275e-16 4.8481044248656335 6.439813015095236e-15 0.7496538184507567 7.747609911630772e-15 0.19851595672724476 -1.0810224751212668e-15 -0.059234272463142446 -4.761771102255821e-13 -0.007660316768743688 6.810264065049688e-12 0.0006337381700264843 4.334792405425771e-10 0.00003709623055066459 7.036025795810194e-9 1.621463714818965e-6 2.4124800812241627e-9 5.638785169622662e-8 3.897725408118865e-9 3.89774977419877e-9 4.9717038007485865e-9 4.97170381658625e-9
-3.0850263099207197e-16 3.534747216682821 -6.977982395034641e-16 8.931850950147474 5.677950003967539e-15 -6.03671981772568 -1.2083828105397853e-14 -1.2367019402146726 -9.395400362523324e-15 0.24972567255431283 2.867670197963783e-14 -0.033201126052031876 2.0554153781244594e-12 0.0028394400535336024 -3.0514431558495766e-11 0.00017005177033330192 -1.9870998506225455e-9 7.5534959282625245e-6 -3.277692343499132e-8 2.6418251381403544e-7 -1.1302701450302785e-8 1.5177662520449902e-8 -1.517756764006375e-8 1.747775526256465e-8 -1.7477755206754103e-8
0.17188804319118664 6.352307592319947e-16 4.8481044248656335 6.011016924486578e-15 10.657668879810881 -1.9435107434254014e-14 6.9195845562021665 1.030757032607653e-14 2.3099680123602675 5.914764349254595e-14 -0.8029905610516118 -7.223822726689178e-12 -0.11642773527543217 1.1138768053032697e-10 0.010365048602996916 7.442749382518026e-9 0.00063693463821628 1.24922218677631e-7 0.000028788530744561797 4.3421189431890426e-8 1.0149006444522241e-6 4.985572136838374e-8 4.9856033033519854e-8 5.1331199729585674e-8 5.133119989331994e-8
1.2993569683724968e-15 -0.4073570043665052 6.883874696374917e-15 -6.03671981772568 -1.98271549927611e-14 12.003319995463553 -3.704197812950531e-14 7.981712999847291 -2.6627915307759844e-14 -2.189569921888078 -1.8286285151192735e-13 0.33947390301393987 -2.1033855883826962e-11 -0.031698765033376736 3.406512519451963e-10 -0.0020046890761021697 2.3425321483526203e-8 -0.0000923092703820566 4.005580885057727e-7 -3.285477875674829e-6 1.4056485041238577e-7 -1.4181537571755325e-7 1.4181448919050322e-7 -1.297407963002859e-7 1.2974079588546164e-7
0.020255091665920762 -2.118895209070731e-15 0.7496538184507566 -1.230586932218948e-14 6.919584556202168 -3.759708964183081e-14 11.221862196208697 -8.580729002214969e-14 8.43372774627378 3.574257712005369e-13 -4.20888542468516 -4.6237492150125126e-11 -0.7455652988867708 7.894080108692714e-10 0.07345722803710708 5.5917266637926e-8 0.00478528056277135 9.737910954212906e-7 0.00022441175960672053 3.451358402819712e-7 8.066996580018731e-6 3.155577166101588e-7 3.155596892653176e-7 2.579780097136994e-7 2.5797801053695744e-7
6.560503571096436e-16 -0.06329302160034146 8.052921243611101e-15 -1.2367019402146726 1.0307570327743816e-14 7.981712999847292 -8.539101059802388e-14 14.942647108170735 -1.3480494548029828e-13 -8.957952732390599 -6.214008942591447e-13 1.8843154605157266 -1.1679622884370677e-10 -0.20032330824483177 2.152768023127267e-9 -0.013559350195438944 1.58444589102736e-7 -0.0006502823754130921 2.821773633762766e-6 -0.000023668732258971484 1.0126355846232754e-6 -8.444892990805188e-7 8.44484019938625e-7 -6.057923309004061e-7 6.057923289640339e-7
0.004903998996756392 3.215459659021798e-16 0.19851595672724476 -9.679895013410701e-15 2.3099680123602675 -2.6738937606939487e-14 8.43372774627378 -1.352489262700345e-13 10.432160200476957 7.497240040418044e-13 -8.481704808247425 -1.2229275513574196e-10 -1.9721205116197675 2.3209815431504363e-9 0.21597555482840738 1.731854892911019e-7 0.014820845244621314 3.10814450070939e-6 0.0007162770124675004 1.1202108117909528e-6 0.000026183130618436013 9.102467965128864e-7 9.102524867685022e-7 6.255321537113361e-7 6.255321557071701e-7
-6.514415513430545e-16 0.011217066583263673 -1.3583546137587625e-15 0.2497256725543135 5.914764349254595e-14 -2.1895699218880775 3.5614912314243523e-13 -8.957952732390599 7.497242276585025e-13 23.05896449915091 -1.5684169804599112e-14 -9.18181370217912 5.684696209552507e-10 1.2814418592841363 -1.3770895013902101e-8 0.09674522522272253 -1.130493501427531e-6 0.004912059752163196 -0.000021314925979589595 0.0001845080666905372 -7.893934999504714e-6 5.694060832218415e-6 -5.6940252370084364e-6 3.051037176664755e-6 -3.051037166914303e-6
-0.0013570434123937587 3.2765728946609592e-15 -0.059234272463142335 2.8675834402832884e-14 -0.8029905610516114 -1.8375092151141022e-13 -4.208885424685161 -6.206237380889675e-13 -8.481704808247425 -1.7460553749053675e-14 22.65814482350558 5.662283474807345e-10 9.144676490246743 -1.3751966501895568e-8 -1.2796791593882497 -1.1299124619413185e-6 -0.09669550194199576 -0.000021312793337287914 -0.004911568280425026 -7.894912929564779e-6 -0.00018453092424445668 -5.6905395341524215e-6 -5.690575107578186e-6 -3.0433843266486477e-6 -3.043384336361664e-6
-1.0246523424903817e-14 -0.0013649946688688408 -4.761077212832085e-13 -0.03320112605203129 -7.223545170932815e-12 0.3394739030139392 -4.623792236154634e-11 1.8843154605157264 -1.2229253395828701e-10 -9.18181370217912 5.662287915690973e-10 34.669826093421364 -2.9521481587825395e-13 -9.302762323004353 9.939534156162243e-8 -0.9248156549267996 0.000010806657830970834 -0.05244103500843789 0.000227557647913555 -0.0020835668837953254 0.00008914266903780412 -0.00005728200876146756 0.00005728165066823778 -0.000020342812340171773 0.00002034281227266104
-0.0001637789207139276 8.401218501989221e-14 -0.007660316768743313 2.0554985906410942e-12 -0.11642773527543195 -2.1033855883826548e-11 -0.7455652988867703 -1.1679689584488494e-10 -1.9721205116197678 5.68468736247125e-10 9.144676490246743 -2.961029942450145e-13 34.66492367649597 -9.939202577470653e-8 -9.30245533938307 -0.000010806515988928362 -0.9248035197044446 -0.00022755614009724572 -0.05244068752675704 -0.00008914235261328228 -0.002083559487913598 -0.000057281235407032994 -0.00005728159349788903 -0.000020342271436538285 -0.000020342271503988145
1.3825038952502777e-13 0.0001097838522781158 6.810236309474072e-12 0.0028394400535338244 1.1138779155262777e-10 -0.03169876503337696 7.894082329680864e-10 -0.20032330824483127 2.320981491108732e-9 1.2814418592841368 -1.3751966515773355e-8 -9.302762323004353 -9.939202844097651e-8 48.05752684109539 -1.9605868273005807e-13 9.352434259620066 -0.00010918515815888695 0.701764188985576 -0.003045161389423828 0.03116058193514884 -0.0013331641854617735 0.0008096433794062885 -0.0008096383006926128 0.00016861541635856267 -0.00016861541219592713
0.000012866988946711642 -1.1798503866095295e-12 0.0006337381700264703 -3.0514403586079716e-11 0.010365048602996458 3.406514453668639e-10 0.07345722803710722 2.1527678567005393e-9 0.2159755548284076 -1.377089434776834e-8 -1.2796791593882522 9.93953388988219e-8 -9.30245533938307 -1.9428926647862763e-13 48.0575029297339 0.00010918514543516595 9.35243316775503 0.0030451612403476517 0.7017641546216121 0.00133316414959774 0.031160581096987675 0.0008096382770618528 0.0008096433557764956 0.00016861539381258096 0.00016861539797494163
8.47239920953712e-12 6.297689297454465e-6 4.3347922666478845e-10 0.00017005177033326636 7.4427492714957105e-9 -0.002004689076102222 5.591726641588473e-8 -0.01355935019543918 1.731854894021241e-7 0.096745225222723 -1.1299124617192739e-6 -0.9248156549268023 -0.000010806515989927561 9.352434259620072 0.0001091851454364982 63.290763820225074 -7.657769817565052e-13 9.375198204434243 -0.04057229174926852 0.5515107602371478 -0.023589206280551885 0.014874824308900084 -0.014874383695847274 0.001697051114767219 -0.0016970114488303323
7.250496799716602e-7 -7.359015109462278e-11 0.00003709623055069213 -1.9870998497285022e-9 0.0006369346382162939 2.3425321369034454e-8 0.004785280562771454 1.5844458910272922e-7 0.014820845244621855 -1.1304935016773316e-6 -0.09669550194199573 0.000010806657829971415 -0.9248035197044426 -0.00010918515815888695 9.352433167755033 -7.692186731328432e-13 63.290763761199244 0.04057229174021804 9.375198202371353 0.02358920627827453 0.5515107601845473 0.014874383694813685 0.014874824307876233 0.0016970114484561713 0.0016970511143912792
1.3370107165952456e-10 2.7124254659300333e-7 7.036025789304974e-9 7.553495928258242e-6 1.2492221866375316e-7 -0.00009230927038207047 9.737910953658065e-7 -0.0006502823754132031 3.108144500612245e-6 0.004912059752163196 -0.00002131279333744751 -0.05244103500843789 -0.0002275561400969968 0.701764188985577 0.0030451612403477662 9.375198204434245 0.04057229174021582 80.44288304243135 -3.576271223604266e-13 9.375557832967415 -0.3603706033862515 0.32201169530267965 -0.31922715993360207 0.021222431390920622 -0.02103904587917782
3.081163192692696e-8 -1.1770041645054376e-9 1.6214637148154684e-6 -3.277692342718507e-8 0.00002878853074454792 4.005580884988337e-7 0.00022441175960669278 2.8217736337627114e-6 0.0007162770124673616 -0.000021314925979589595 -0.0049115682804251925 0.00022755764791333293 -0.052440687526757485 -0.0030451613894229364 0.701764154621612 -0.040572291749266715 9.375198202371354 -3.558472960740744e-13 80.44288304234838 0.36037060338594284 9.375557832965129 0.31922715993353723 0.3220116953026734 0.02103904587917756 0.02122243139090818
4.577834705085349e-11 9.407224569382533e-9 2.4124800805177107e-9 2.641825138149028e-7 4.342118943015528e-8 -3.2854778756609784e-6 3.451358402732959e-7 -0.000023668732258929742 1.1202108117840105e-6 0.0001845080666904544 -7.894912929557406e-6 -0.0020835668837954364 -0.00008914235261306023 0.031160581935149284 0.0013331641495975175 0.5515107602371478 0.023589206278275418 9.375557832967418 0.36037060338593885 99.50478362096376 -1.1857181902996672e-12 6.842413391813211 -6.280908239368056 0.34522565730433386 -0.31689758407589075
1.0699954249609765e-9 -4.024757326200266e-10 5.638785169633504e-8 -1.1302701450417981e-8 1.0149006444557076e-6 1.4056485040631424e-7 8.066996580025672e-6 1.0126355845955198e-6 0.000026183130618422135 -7.89393499951946e-6 -0.0001845309242445122 0.00008914266903780065 -0.0020835594879135425 -0.001333164185461774 0.031160581096988105 -0.02358920628055277 0.5515107601845455 -0.36037060338625193 9.375557832965129 -1.191047260817868e-12 99.50478362096372 6.280908239368043 6.842413391813199 0.31689758407592805 0.34522565730429555
1.1617053612112399e-10 8.044322637104775e-10 3.897725408010551e-9 1.5177662520178957e-8 4.985572136903426e-8 -1.4181537571820383e-7 3.1555771661018673e-7 -8.44489299080573e-7 9.102467965146212e-7 5.694060832204537e-6 -5.69053953415936e-6 -0.00005728200876146756 -0.000057281235407032994 0.0008096433794062885 0.0008096382770619084 0.014874824308900522 0.01487438369481413 0.3220116953026815 0.3192271599335381 6.842413391813218 6.280908239368046 119.97002150279113 -1.9583401740519424e-17 8.201374566711431 -0.000025621558299305554
1.1617126234030225e-10 -8.044272349989405e-10 3.8977497740363516e-9 -1.5177567639928226e-8 4.985603303308787e-8 1.4181448918995434e-7 3.1555968926445024e-7 8.444840199364566e-7 9.102524867645991e-7 -5.694025237022314e-6 -5.690575107571193e-6 0.00005728165066823084 -0.00005728159349788209 -0.0008096383006925001 0.0008096433557763273 -0.01487438369584726 0.014874824307876233 -0.31922715993360284 0.3220116953026716 -6.280908239368056 6.842413391813203 -1.9583401740519424e-17 119.9700215027914 0.000025621558299304415 8.201374566711515
1.7520377470854274e-10 1.1229478557744261e-9 4.971703800758753e-9 1.7477755262608272e-8 5.1331199729517964e-8 -1.2974079630025965e-7 2.579780097135918e-7 -6.057923309003519e-7 6.255321537113767e-7 3.0510371766652163e-6 -3.043384326648865e-6 -0.000020342812340171773 -0.0000203422714365348 0.0001686154163585349 0.00016861539381263647 0.0016970511147672194 0.0016970114484561713 0.021222431390921066 0.021039045879178174 0.34522565730433563 0.3168975840759276 8.201374566711431 0.000025621558299304442 140.8591321447457 -3.3351922298138076e-21
1.752037752669245e-10 -1.1229478521804682e-9 4.971703816593026e-9 -1.747775520676935e-8 5.1331199893296225e-8 1.2974079588551585e-7 2.5797801053698455e-7 6.057923289642508e-7 6.255321557071701e-7 -3.05103716691452e-6 -3.0433843363607965e-6 0.00002034281227266451 -0.000020342271503988145 -0.0001686154121959202 0.00016861539797496938 -0.0016970114488303323 0.0016970511143912237 -0.021039045879177376 0.021222431390908625 -0.31689758407589164 0.34522565730429555 -0.000025621558299305554 8.201374566711515 -3.3616620094155045e-21 140.8591321447456