1.3786453879321277 -2.1572848906056232e-15 1.9663479787157034 5.262625958184747e-16 0.17326726084490243 1.938476813883976e-15 -0.022438496576491877 1.3687866911903727e-15 0.006737271075836449 1.5653861641867663e-15 -0.0014641639549287815 2.9579248006759814e-14 -0.00015310993193392824 3.7066244977527724e-13 0.00001063376387210677 4.5787578511487315e-11 5.312718391521199e-7 8.641629886930318e-10 2.0006474232789568e-8 4.2174509477233124e-10 4.2951739604640354e-10 3.8187918894848355e-11 3.8187936127707585e-11 5.702180376460555e-11 5.702180378037632e-11
-2.2128502519438898e-15 3.996071304937856 -4.643300369851372e-15 -3.3108666622199427 -2.8857415564119048e-15 -0.4128287531392395 1.0205826039435039e-15 0.06926571766201214 -2.426047902131695e-16 0.011535694768266878 1.4633865800769437e-14 0.0012360810492484248 2.374699657096516e-13 0.00008793415544466855 -3.0654423307519947e-12 4.472157632458685e-6 -3.8543217580226475e-10 1.706620937416473e-7 -7.371606970894681e-9 -3.682523348942155e-9 3.6158865106164844e-9 2.6808960927176763e-10 -2.6808948828910104e-10 3.616401683881681e-10 -3.6164016829205746e-10
1.9663479787157037 -4.642866688982377e-15 6.312909187965388 1.8590720403409402e-15 4.524676155013362 -5.0463036896534085e-15 -0.7637648941540895 6.531959878626971e-15 0.25116908063306986 6.967796263141731e-14 -0.059645686098722776 1.2915437115019518e-12 -0.006705986464057473 1.7106601034591144e-11 0.0004907336403281575 2.194315706109351e-9 0.000025460577055249284 4.2576746736751524e-8 9.857059347155227e-7 2.1032200228410835e-8 2.141980069935088e-8 1.3133904337373925e-9 1.3133910264295675e-9 1.5798863517910504e-9 1.5798863522238297e-9
5.817669707861545e-16 -3.3108666622199427 1.636918989142471e-15 8.27931639982949 4.614910791135101e-15 5.615306900088716 -6.055784743281737e-15 -1.2464017052264253 1.2873912137149188e-14 -0.23849898608091424 -2.888002718412326e-13 -0.02800376295487631 -5.3852458064709005e-12 -0.002118275480593407 7.384288309386604e-11 -0.00011237705237001979 9.685198013943055e-9 -4.4187711553739045e-6 1.908651390678619e-7 9.684746892653577e-8 -9.509497247171958e-8 -5.142668756353695e-9 5.142666435463385e-9 -5.4591584062786105e-9 5.459158404813629e-9
0.17326726084490243 -2.996709675442371e-15 4.524676155013361 4.614911002893338e-15 9.758662977595316 -2.727070225933009e-14 -6.2847456660923235 4.5122482931568654e-14 2.6200769924237246 8.82399133813043e-13 -0.7439529347976072 1.8093651019247982e-11 -0.09400830193777503 2.57732603333392e-10 0.007393444423846453 3.464663875286398e-8 0.00040200387514970347 6.941383522311877e-7 0.00001607018726986986 3.4919569812674306e-7 3.5563099334707653e-7 1.6793190679842134e-8 1.679319825909985e-8 1.5634465895640527e-8 1.5634465899854225e-8
1.938476813883572e-15 -0.4128287531392394 -5.03936479409514e-15 5.615306900088716 -2.7268968382887464e-14 11.01425911071454 4.264269041475329e-14 -7.346853158883507 -1.6962283720899425e-14 -1.9290287038416107 -2.303385621126772e-12 -0.2639392937513786 -5.077039977643639e-11 -0.021727096134505616 7.574017944424734e-10 -0.0012137009862243108 1.0460262256073521e-7 -0.000049367185721739376 2.132374462900446e-6 1.103921341547942e-6 -1.0839454118026247e-6 -4.74508603426132e-8 4.7450838927267866e-8 -3.866070948912542e-8 3.8660709478822465e-8
-0.022438496576491745 1.0446552803077023e-15 -0.7637648941540897 -5.944816644310401e-15 -6.284745666092324 4.303126513797146e-14 9.127350687986834 -1.8462620686489592e-13 -7.876439426832746 -3.944572149793146e-12 3.299663898155126 -9.661397555273963e-11 0.5020847046194201 -1.5082284807451224e-9 -0.04326565728391867 -2.1360158670531495e-7 -0.0024784125903423997 -4.4223396488846436e-6 -0.00010238279746597998 -2.269105895120847e-6 -2.310923037763683e-6 -9.308719674480789e-8 -9.308723875717173e-8 -6.770194148959284e-8 -6.770194150764331e-8
1.4242978161570305e-15 0.06926571766201214 6.309915273650039e-15 -1.2464017052264251 4.472696942011729e-14 -7.346853158883507 -1.8384903730183745e-13 14.653765646392849 2.6005061265938316e-13 8.01211986888842 9.420024023769932e-12 1.4734856803618817 2.834489902176086e-10 0.13705579590157485 -4.777725851677404e-9 0.008158147221839055 -7.031085947941493e-7 0.00034466978354720577 -0.000014887724180202669 -7.885153886921997e-6 7.742468648275987e-6 2.9583552821080735e-7 -2.9583539469707937e-7 1.8443851898282186e-7 -1.8443851893292765e-7
0.006737271075836393 -3.466879870135411e-16 0.25116908063306986 1.3318003040961748e-14 2.620076992423724 -1.7961484443889246e-14 -7.876439426832746 2.600506126626919e-13 11.505857579459796 9.153308650452892e-12 -7.649312561081165 2.8486300256533804e-10 -1.4804640855079036 4.876154706580759e-9 0.13987935127469525 7.228685681372329e-7 0.008387421592203037 0.00001536957101412055 0.0003558251516679976 8.012716221875577e-6 8.160381827938335e-6 3.028908723876831e-7 3.0289100908514205e-7 1.8381993414002385e-7 1.83819934189319e-7
1.586419580460329e-15 0.01153569476826717 6.948714302259008e-14 -0.23849898608091422 8.822733663610476e-13 -1.9290287038416103 -3.944986749557555e-12 8.01211986888842 9.153308650452944e-12 23.466296258121393 2.340474924707912e-13 8.17901405684312 1.5638920429385836e-9 0.9977242695471121 -3.477920865863756e-8 0.06617911474614362 -5.703636188833376e-6 0.002958966115289666 -0.00012781007644219056 -0.00006994777839179514 0.0000686820433673225 2.3625333751622177e-6 -2.3625323089242905e-6 1.057968529079703e-6 -1.0579685287918352e-6
-0.0014641639549288193 1.4661648481439378e-14 -0.059645686098722804 -2.8902926206338557e-13 -0.7439529347976073 -2.303357892232707e-12 3.299663898155125 9.419579826139865e-12 -7.649312561081164 2.3582384253434146e-13 23.327512122557977 -1.5617164465612274e-9 8.167853158950505 -3.4762245365829804e-8 -0.9972379254547004 -5.702474124843346e-6 -0.06616563143301307 -0.00012780150386613532 -0.0029587676491809422 -0.00006868268728225983 -0.00006994843417314218 -2.362153624406513e-6 -2.3621546904963628e-6 -1.0570547638912255e-6 -1.0570547641761043e-6
2.9593125371051155e-14 0.001236081049248312 1.2916616794745753e-12 -0.028003762954876034 1.8092984939643316e-11 -0.26393929375137815 -9.661408657843022e-11 1.473485680361881 2.8486311402809763e-10 8.179014056843123 -1.561717390277905e-9 34.972738537321895 2.1721065037696577e-13 8.261760035532973 -2.864131457410134e-7 0.722663718733735 -0.00006228251629362744 0.03610408275839138 -0.001559485772055946 -0.0009041437067583178 0.0008877828392757879 0.000028329604996658368 -0.000028329592200343565 8.065094551777295e-6 -8.065094546498477e-6
-0.0001531099319339317 2.37483843524136e-13 -0.0067059864640575005 -5.385273562046516e-12 -0.09400830193777472 -5.0771065910251166e-11 0.5020847046194202 2.8345032205833314e-10 -1.480464085507904 1.5638924870011119e-9 8.167853158950505 2.1543440365184866e-13 34.97151387299745 -2.8641078029508156e-7 -8.261692798087598 -0.00006228231298314385 -0.7226613599854439 -0.0015594831675386721 -0.03610402246033406 -0.0008877820366721292 -0.0009041428893627461 -0.0000283295520206031 -0.00002832956481711572 -8.065042056829817e-6 -8.065042062082358e-6
3.7065898035479507e-13 0.00008793415544466855 1.7106573305266907e-11 -0.00211827548059349 2.577324372335666e-10 -0.021727096134505616 -1.5082278146115193e-9 0.1370557959015753 4.876155594759182e-9 0.9977242695471121 -3.4762244817657185e-8 8.261760035532973 -2.8641078384779524e-7 48.26668579686898 -1.3255427258149102e-13 8.295196403839668 -0.0007146309876028973 0.5487977966722656 -0.023704844496410794 -0.015376362834770091 0.015098122012897598 0.0004718004351387686 -0.0004718001893155403 0.00007672490856432481 -0.00007672490319444308
0.000010633763872108506 -3.0654494864863266e-12 0.0004907336403281297 7.384296982834578e-11 0.007393444423846342 7.574016838403001e-10 -0.04326565728391812 -4.777725183808866e-9 0.1398793512746948 -3.477920854761695e-8 -0.9972379254546995 -2.8641314574188075e-7 -8.261692798087598 -1.3433409844432675e-13 48.26668124638988 0.0007146309718751907 8.295196220784282 0.02370484427638839 0.548797791577757 0.01509812193589166 0.015376362756342979 0.0004718001870801 0.00047180043290397447 0.00007672490164750206 0.00007672490701726709
4.578757731208865e-11 4.4721576324469486e-6 2.194315685397701e-9 -0.00011237705236995387 3.4646638669597044e-8 -0.001213700986224283 -2.136015865942935e-7 0.008158147221839048 7.228685676931437e-7 0.06617911474614409 -5.7024741243984026e-6 0.722663718733734 -0.00006228231298225225 8.295196403839668 0.0007146309718751903 63.44615957341978 -8.190836518155026e-13 8.303153239407976 -0.35793084903581474 -0.308491844990455 0.3029617784050968 0.010079045370563157 -0.010077303650482858 0.0008978652249138556 -0.0008977104732720287
5.312718391499582e-7 -3.8543217105888686e-10 0.00002546057705525612 9.685197958425129e-9 0.00040200387514970347 1.0460262247914984e-7 -0.0024784125903422882 -7.031085947317027e-7 0.008387421592203148 -5.703636188195879e-6 -0.06616563143301421 -0.00006228251629363096 -0.7226613599854452 -0.0007146309876033275 8.295196220784282 -8.226363383892488e-13 63.446159564731516 0.35793084902415934 8.303153239140117 0.30296177840086413 0.30849184498613874 0.010077303650383836 0.010079045370473681 0.0008977104732447023 0.0008978652248853025
8.641629886930384e-10 1.7066209374121703e-7 4.257674673349913e-8 -4.4187711553808426e-6 6.941383522381266e-7 -0.00004936718572172203 -4.422339648857105e-6 0.0003446697835471919 0.00001536957101421119 0.0029589661152899993 -0.00012780150386627415 0.036104082758391505 -0.0015594831675393526 0.5487977966722665 0.023704844276390222 8.303153239407976 0.35793084902416467 80.5648462725808 -3.6928966828941867e-13 -5.677466551384916 6.077736085042702 0.26038615584195623 -0.23882311440893605 0.013840673263885632 -0.012694508201478882
2.0006474232802697e-8 -7.37160697024416e-9 9.857059347118364e-7 1.9086513907133135e-7 0.00001607018726988016 2.1323744629002326e-6 -0.00010238279746595571 -0.000014887724180147157 0.0003558251516679967 -0.00012781007644219061 -0.0029587676491809457 -0.0015594857720555159 -0.036104022460334506 -0.023704844496410794 0.5487977915777578 -0.3579308490358219 8.303153239140117 -3.764523415217269e-13 80.56484627257129 6.077736085042573 5.677466551384713 0.2388231144089064 0.260386155841985 0.012694508201482017 0.013840673263881165
4.217450947503092e-10 -3.6825233489963653e-9 2.103220022865564e-8 9.684746892653577e-8 3.4919569812848456e-7 1.1039213415457738e-6 -2.269105895113908e-6 -7.885153886921997e-6 8.012716221882407e-6 -0.0000699477783917817 -0.00006868268728225333 -0.0009041437067580958 -0.0008877820366721294 -0.015376362834769647 0.015098121935891438 -0.3084918449904542 0.30296177840086236 -5.677466551384917 6.077736085042573 99.62541447551575 -1.1221058804355977e-14 -0.07544597382127333 8.263027560308315 -0.003252784361310432 0.3562616984358087
4.295173960444845e-10 3.6158865106364956e-9 2.1419800699787948e-8 -9.509497247213042e-8 3.556309933468597e-7 -1.083945411801764e-6 -2.310923037767152e-6 7.742468648284186e-6 8.16038182793664e-6 0.00006868204336729518 -0.00006994843417311773 0.0008877828392759024 -0.000904142889362806 0.015098122012897432 0.015376362756342974 0.3029617784050963 0.30849184498613874 6.077736085042705 5.6774665513847165 -1.1221058804355977e-14 99.625414475516 8.263027560308451 0.0754459738212716 0.35626169843585015 0.0032527843613100876
3.818791889315429e-11 2.680896092734617e-10 1.31339043370007e-9 -5.1426687562994845e-9 1.679319067984891e-8 -4.745086034192202e-8 -9.308719674436068e-8 2.958355282112546e-7 3.028908723859619e-7 2.3625333751567975e-6 -2.36215362440303e-6 0.000028329604996685907 -0.00002832955202059963 0.0004718004351386506 0.00047180018707998895 0.01007904537056316 0.010077303650383559 0.2603861558419563 0.23882311440890644 -0.07544597382127338 8.263027560308432 120.27574776001825 -1.390404582917934e-18 7.454499039823918 -1.6811570868518607e-6
3.818793613025199e-11 -2.6808948829164214e-10 1.3133910263889629e-9 5.142666435463597e-9 1.6793198259018533e-8 4.745083892754061e-8 -9.308723875760541e-8 -2.958353946968693e-7 3.028910090860094e-7 -2.362532308925185e-6 -2.362154690497203e-6 -0.00002832959220029521 -0.00002832956481709512 -0.0004718001893155403 0.0004718004329040586 -0.010077303650483073 0.010079045370473237 -0.2388231144089369 0.26038615584198493 8.263027560308316 0.07544597382127155 -1.3908280993915612e-18 120.27574776001845 1.681157086851789e-6 7.454499039824022
5.702180376448623e-11 3.616401683877243e-10 1.579886351793168e-9 -5.459158406276069e-9 1.563446589565408e-8 -3.866070948915551e-8 -6.770194148956913e-8 1.8443851898258384e-7 1.8381993414002385e-7 1.0579685290801367e-6 -1.057054763892093e-6 8.065094551777308e-6 -8.065042056830481e-6 0.00007672490856433869 0.00007672490164749837 0.0008978652249138522 0.0008977104732447824 0.013840673263886131 0.012694508201482239 -0.0032527843613104255 0.3562616984358537 7.454499039823918 1.681157086851789e-6 141.4386988642783 -1.852884572118782e-22
5.702180378027044e-11 -3.616401682920045e-10 1.5798863522289119e-9 5.459158404809394e-9 1.5634465899879636e-8 3.866070947880891e-8 -6.770194150755522e-8 -1.8443851893292765e-7 1.8381993418919702e-7 -1.0579685287918352e-6 -1.0570547641764296e-6 -8.065094546501513e-6 -8.065042062084093e-6 -0.00007672490319444308 0.00007672490701726362 -0.0008977104732720009 0.0008978652248854135 -0.012694508201478882 0.013840673263881387 0.35626169843581224 0.0032527843613100738 -1.6811570868518573e-6 7.4544990398240145 -1.852884572118782e-22 141.43869886427822