   0.000000000000000
   5.401976741795615
  10.582845483659716
  15.525814602249785
  20.209109828928526
  24.600623236551655
  28.674103957081968
  32.185637871485476
  35.900843388125416
  37.130809965238662
  43.235368403506044
  43.290868582564869
  52.283244670228626
  52.283858730082997
  63.190515495862186
  63.190605882608089
  75.842733353028549
  75.844828246883623
  90.183650395155368
  90.224310565182535
 106.208882738692068
 106.733132101315690
 124.271103565375313
 128.160482946575343
 147.173637810480329
