  -0.000000000000001  -1.294292738630088   0.000000000000002  -0.032022997975580   0.000000000000036  -0.001659661492240   0.000000000000146  -0.000152656810551   0.000000000000233  -0.000031545536347  -0.000000000012975   0.000007766062652   0.000000002635054  -0.000000828435308   0.000000040804973  -0.000000042233504   0.000000002169136  -0.000000002203215  -0.000000000088896   0.000000000178134  -0.000000000006629   0.000000000187776  -0.000000000008916   0.000000000262541  -0.000000000013839
  -1.294292738630088  -0.000000000000046  -1.792199273266203   0.000000000000022  -0.067881520924281   0.000000000000513  -0.004718091734351   0.000000000001735  -0.000555308130011   0.000000000005227  -0.000080358493759  -0.000000000150481   0.000008331440383   0.000000026547051   0.000000424489866   0.000000410326814   0.000000021806966   0.000000022041434  -0.000000000889901  -0.000000001487839  -0.000000000054371  -0.000000001239507  -0.000000000059959  -0.000000001684093  -0.000000000091186
   0.000000000000002  -1.792199273266203  -0.000000000000801  -2.143130762954757   0.000000000000069  -0.114680937604450   0.000000000004334  -0.010549471456732   0.000000000003576  -0.002179981893793  -0.000000000927706   0.000536680562337   0.000000182188011  -0.000057249658964   0.000002819867167  -0.000002918181253   0.000000149887890  -0.000000151013171  -0.000000006099269   0.000000008887937  -0.000000000318489   0.000000005706920  -0.000000000280397   0.000000007498292  -0.000000000416769
  -0.032022997975580   0.000000000000022  -2.143130762954757  -0.000000000008659  -2.406960496665068  -0.000000000001204  -0.175127473524849   0.000000000029212  -0.020617465245922   0.000000000144920  -0.002983560033076  -0.000000005463227   0.000309330428191   0.000000985294988   0.000015760476031   0.000015233186847   0.000000809606697   0.000000813922618  -0.000000032881171  -0.000000043301438  -0.000000001522752  -0.000000021127198  -0.000000001050412  -0.000000026685202  -0.000000001521240
   0.000000000000036  -0.067881520924281   0.000000000000069  -2.406960496665068  -0.000000000066915  -2.602860235934731  -0.000000000022854  -0.254764207790190  -0.000000000117510  -0.052681333794655  -0.000000022852448   0.012969949641767   0.000004404063083  -0.001383552487985   0.000068147824447  -0.000070519149455   0.000003622203306  -0.000003636225661  -0.000000146918283   0.000000179854600  -0.000000006221228   0.000000066509587  -0.000000003331219   0.000000080199479  -0.000000004684059
  -0.001659661492240   0.000000000000513  -0.114680937604450  -0.000000000001204  -2.602860235934731  -0.000000000388114  -2.731583073653922  -0.000000000095796  -0.348919973662368   0.000000001823626  -0.050559484911593  -0.000000091258303   0.005242044077078   0.000016694036656   0.000267083581857   0.000258135916171   0.000013719573405   0.000013758749398  -0.000000555963975  -0.000000646160063  -0.000000022048770  -0.000000182678375  -0.000000009170606  -0.000000208716042  -0.000000012472118
   0.000000000000146  -0.004718091734351   0.000000000004334  -0.175127473524849  -0.000000000022854  -2.731583073653921  -0.000000001794048  -2.787052377236164  -0.000000003975460  -0.645271475700413  -0.000000285809676   0.160064073673096   0.000054373756623  -0.017079189763068   0.000841249829130  -0.000870493381341   0.000044713350991  -0.000044809944522  -0.000001810791710   0.000002028620569  -0.000000068482574   0.000000446236258  -0.000000022333001   0.000000479408436  -0.000000029263627
  -0.000152656810551   0.000000000001735  -0.010549471456732   0.000000000029212  -0.254764207790190  -0.000000000095795  -2.787052377236164  -0.000000004655408  -2.556591876641435   0.000000008384187  -0.413897505695074  -0.000000738481045   0.043004270530161   0.000136937386156   0.002191119360660   0.002117662544668   0.000112552135707   0.000112741157208  -0.000004556146133  -0.000004979820798  -0.000000166804576  -0.000000884597356  -0.000000043939644  -0.000000891431932  -0.000000055419353
   0.000000000000233  -0.000555308130011   0.000000000003576  -0.020617465245922  -0.000000000117510  -0.348919973662368  -0.000000003975460  -2.556591876641435  -0.000000044348047  -3.252567153699432  -0.000002143121453   1.182874505699967   0.000408661416961  -0.128350330816552   0.006322967997455  -0.006542642620218   0.000336069289873  -0.000336502553004  -0.000013599378169   0.000014562193054  -0.000000484442510   0.000002076402816  -0.000000101732705   0.000001929820271  -0.000000122306527
  -0.000031545536347   0.000000000005227  -0.002179981893793   0.000000000144920  -0.052681333794656   0.000000001823626  -0.645271475700412   0.000000008384187  -3.252567153699432   0.000000023907447  -1.358398913685465  -0.000002411328372   0.145796825254074   0.000464226580182   0.007430667535386   0.007181472212253   0.000381692339401   0.000382138181031  -0.000015443939066  -0.000016442741805  -0.000000545921018  -0.000002184526197  -0.000000106393165  -0.000001970019214  -0.000000125646547
  -0.000000000012975  -0.000080358493759  -0.000000000927706  -0.002983560033076  -0.000000022852448  -0.050559484911593  -0.000000285809676  -0.413897505695074  -0.000002143121453  -1.358398913685464  -0.000017814465520   4.944434480061225   0.003283042253601  -1.030443335683524   0.051194234700306  -0.052971882675189   0.002721080339016  -0.002723028894634  -0.000110056022421   0.000114577676565  -0.000003774011510   0.000010941774220  -0.000000511597922   0.000008260579447  -0.000000543345353
   0.000007766062652  -0.000000000150481   0.000536680562337  -0.000000005463227   0.012969949641767  -0.000000091258303   0.160064073673096  -0.000000738481046   1.182874505699967  -0.000002411328372   4.944434480061226   0.000017597138476  -1.031536070776822  -0.003286052525180  -0.053025261076255  -0.051246573728366  -0.002723841803406  -0.002725780468238   0.000110166938964   0.000114675098601   0.000003776969039   0.000010920251453   0.000000510354693   0.000008229126557   0.000000541421127
   0.000000002635054   0.000008331440383   0.000000182188011   0.000309330428191   0.000004404063083   0.005242044077078   0.000054373756623   0.043004270530161   0.000408661416961   0.145796825254074   0.003283042253601  -1.031536070776822  -0.039506851441147   6.203589198465781  -0.610448944170931   0.627627168285671  -0.032579457926864   0.032380961034140   0.001317212315338  -0.001335261009310   0.000043942321345  -0.000084882136641   0.000003640491175  -0.000044693245361   0.000003086540767
  -0.000000828435308   0.000000026547051  -0.000057249658964   0.000000985294988  -0.001383552487985   0.000016694036656  -0.017079189763069   0.000136937386156  -0.128350330816552   0.000464226580182  -1.030443335683523  -0.003286052525180   6.203589198465781   0.039503627617967   0.627635572415244   0.610447615832690   0.032372963831062   0.032587878593806  -0.001308858318248  -0.001343797493704  -0.000043663571528  -0.000085422764669  -0.000003617286183  -0.000044976619046  -0.000003066809804
   0.000000040804973   0.000000424489866   0.000002819867167   0.000015760476031   0.000068147824447   0.000267083581857   0.000841249829130   0.002191119360660   0.006322967997455   0.007430667535385   0.051194234700305  -0.053025261076255  -0.610448944170931   0.627635572415244  -7.311520938926745   0.249593614212202  -0.762351545449862   0.013008142688569   0.030887055472804  -0.000530519460186   0.001012589862062  -0.000023983125170   0.000052173249859  -0.000007017709679   0.000029365900697
  -0.000000042233504   0.000000410326814  -0.000002918181253   0.000015233186847  -0.000070519149455   0.000258135916171  -0.000870493381341   0.002117662544668  -0.006542642620219   0.007181472212252  -0.052971882675189  -0.051246573728366   0.627627168285671   0.610447615832690   0.249593614212202   7.311466334379341   0.013010007169996   0.762243138441906  -0.000527044947631  -0.031090709033071  -0.000017278445737  -0.001405510636620  -0.000000890261425  -0.000411264660769  -0.000000501084794
   0.000000002169136   0.000000021806966   0.000000149887890   0.000000809606697   0.000003622203306   0.000013719573405   0.000044713350991   0.000112552135706   0.000336069289873   0.000381692339401   0.002721080339016  -0.002723841803406  -0.032579457926864   0.032372963831062  -0.762351545449862   0.013010007169996  -8.376159170557514   0.000033632383508   0.675992092581053  -0.000001354155391   0.021974055657992  -0.000000048902541   0.000790378522315  -0.000000006326426   0.000227858872749
  -0.000000002203215   0.000000022041434  -0.000000151013171   0.000000813922618  -0.000003636225661   0.000013758749398  -0.000044809944522   0.000112741157208  -0.000336502553004   0.000382138181031  -0.002723028894634  -0.002725780468238   0.032380961034140   0.032587878593806   0.013008142688569   0.762243138441905   0.000033632383508   8.375277979404872  -0.000001357337012  -0.674419519036205  -0.000000044118374  -0.024356667672558  -0.000000001586811  -0.003150534465773  -0.000000000457406
  -0.000000000088896  -0.000000000889901  -0.000000006099269  -0.000000032881171  -0.000000146918283  -0.000000555963975  -0.000001810791710  -0.000004556146133  -0.000013599378169  -0.000015443939066  -0.000110056022421   0.000110166938964   0.001317212315338  -0.001308858318248   0.030887055472804  -0.000527044947631   0.675992092581053  -0.000001357337012  -9.411920454486777   0.000000003161606  -0.606707132024017   0.000000000099228  -0.017664538664291   0.000000000005111  -0.002050836304313
   0.000000000178134  -0.000000001487839   0.000000008887937  -0.000000043301438   0.000000179854600  -0.000000646160063   0.000002028620569  -0.000004979820799   0.000014562193054  -0.000016442741805   0.000114577676565   0.000114675098601  -0.001335261009310  -0.001343797493704  -0.000530519460186  -0.031090709033071  -0.000001354155391  -0.674419519036205   0.000000003161606   9.401282909993864   0.000000000101980   0.590308306952107   0.000000000002968   0.030333319251391   0.000000000000344
  -0.000000000006629  -0.000000000054371  -0.000000000318489  -0.000000001522752  -0.000000006221228  -0.000000022048770  -0.000000068482574  -0.000000166804576  -0.000000484442510  -0.000000545921018  -0.000003774011510   0.000003776969039   0.000043942321344  -0.000043663571528   0.001012589862062  -0.000017278445737   0.021974055657992  -0.000000044118374  -0.606707132024017   0.000000000101980 -10.428703649769082   0.000000000000262  -0.540267336140694   0.000000000000006  -0.023450206545530
   0.000000000187776  -0.000000001239507   0.000000005706920  -0.000000021127198   0.000000066509587  -0.000000182678375   0.000000446236258  -0.000000884597356   0.000002076402816  -0.000002184526197   0.000010941774220   0.000010920251453  -0.000084882136641  -0.000085422764670  -0.000023983125170  -0.001405510636620  -0.000000048902541  -0.024356667672558   0.000000000099228   0.590308306952107   0.000000000000262  10.362618382227728   0.000000000000007   0.447527203964545   0.000000000000000
  -0.000000000008916  -0.000000000059959  -0.000000000280397  -0.000000001050412  -0.000000003331219  -0.000000009170606  -0.000000022333001  -0.000000043939644  -0.000000101732705  -0.000000106393165  -0.000000511597922   0.000000510354693   0.000003640491175  -0.000003617286183   0.000052173249859  -0.000000890261425   0.000790378522315  -0.000000001586811  -0.017664538664291   0.000000000002968  -0.540267336140693   0.000000000000007 -11.394863514890538  -0.000000000000000  -0.420668195672821
   0.000000000262541  -0.000000001684093   0.000000007498292  -0.000000026685202   0.000000080199479  -0.000000208716042   0.000000479408436  -0.000000891431932   0.000001929820271  -0.000001970019214   0.000008260579447   0.000008229126557  -0.000044693245361  -0.000044976619046  -0.000007017709679  -0.000411264660769  -0.000000006326426  -0.003150534465773   0.000000000005111   0.030333319251390   0.000000000000006   0.447527203964545  -0.000000000000000  11.280586218599105  -0.000000000000000
  -0.000000000013839  -0.000000000091186  -0.000000000416769  -0.000000001521240  -0.000000004684059  -0.000000012472118  -0.000000029263627  -0.000000055419353  -0.000000122306527  -0.000000125646547  -0.000000543345353   0.000000541421127   0.000003086540767  -0.000003066809804   0.000029365900697  -0.000000501084794   0.000227858872749  -0.000000000457406  -0.002050836304313   0.000000000000344  -0.023450206545531   0.000000000000000  -0.420668195672819  -0.000000000000000 -12.308060627466775
