   0.000000000000000
   4.461923346132680
   8.709712922116337
  12.723339199521160
  16.476620739691963
  19.906628023750830
  23.099614365286225
  25.123698859962062
  29.098631150083897
  29.320547098610689
  36.227298814364310
  36.230722193822942
  45.109763101525324
  45.109782318982305
  55.660165654444697
  55.660171724429901
  67.815973094477911
  67.816220144514475
  81.548328329250168
  81.556849549195036
  96.847375420325008
  97.042883915873475
 113.848564040379742
 116.196358368196798
 134.424712721839910
